2 0.17619 0.685363 0.121896 0.124711 1
2 0.634962 0.657268 0.0573886 0.0779663 2
2 0.506967 0.623878 0.0262377 0.0366026 3
7 0.420017 0.630861 0.0611304 0.105106 4
2 0.176179 0.68535 0.121884 0.124698 1
2 0.634865 0.657217 0.057474 0.0780786 2
2 0.506965 0.623958 0.0260837 0.0363832 3
7 0.420009 0.630859 0.0611251 0.105097 4
2 0.174929 0.685781 0.120975 0.123939 1
2 0.635464 0.657114 0.0578558 0.0785546 2
2 0.50677 0.62656 0.022588 0.031327 3
7 0.419277 0.630972 0.061152 0.105156 4
2 0.1699 0.687332 0.120444 0.12331 1
2 0.636234 0.657166 0.0583333 0.0791356 2
2 0.506833 0.626458 0.0230897 0.0318985 3
7 0.418479 0.631144 0.0608717 0.104595 4
5 0.788613 0.638791 0.194309 0.205647 5
2 0.0642823 0.699961 0.128565 0.230871 6
2 0.766393 0.709784 0.156453 0.184562 7
2 0.16296 0.688382 0.122154 0.124771 1
2 0.637201 0.657806 0.0597041 0.0810453 2
2 0.506962 0.62707 0.0220199 0.0301081 3
7 0.417436 0.631322 0.0615587 0.105834 4
5 0.791862 0.638324 0.197662 0.2091 5
2 0.060414 0.691369 0.120828 0.214902 6
2 0.77265 0.713955 0.159674 0.188224 7
2 0.278854 0.656236 0.0700472 0.0712279 8
2 0.157144 0.689301 0.123371 0.125526 1
2 0.637788 0.658601 0.060431 0.0820267 2
2 0.507044 0.625409 0.0240369 0.0327611 3
7 0.41673 0.630878 0.0622606 0.107057 4
5 0.796249 0.637771 0.202442 0.214097 5
2 0.057415 0.690293 0.11483 0.206903 6
2 0.779761 0.7166 0.163675 0.192642 7
2 0.276435 0.656447 0.0720677 0.0732607 8
2 0.320321 0.634182 0.0688737 0.0864761 9
2 0.151113 0.690278 0.125531 0.127024 1
2 0.639016 0.658231 0.0606626 0.08237 2
2 0.506911 0.625188 0.0241805 0.0327405 3
7 0.415747 0.630553 0.0627187 0.107907 4
5 0.801482 0.638579 0.206232 0.217843 5
2 0.0524333 0.690551 0.103864 0.182638 6
2 0.786872 0.718643 0.167259 0.196278 7
2 0.273521 0.656709 0.0739588 0.0752023 8
2 0.319101 0.633972 0.0696045 0.0873832 9
2 0.988733 0.7386 0.0225343 0.101132 10
2 0.147465 0.69132 0.129049 0.130432 1
2 0.640125 0.65881 0.0611436 0.0829353 2
2 0.506827 0.625341 0.0237593 0.0319344 3
7 0.414988 0.630577 0.063578 0.109549 4
5 0.805306 0.638225 0.207278 0.218522 5
2 0.050064 0.691164 0.100128 0.180116 6
2 0.794175 0.722998 0.173525 0.202905 7
2 0.271202 0.657755 0.0741296 0.075284 8
2 0.317708 0.633966 0.0700489 0.0879484 9
2 0.141725 0.692054 0.130953 0.131615 1
2 0.641512 0.659127 0.0617078 0.0836074 2
2 0.5068 0.625674 0.0238818 0.0318986 3
7 0.414243 0.630729 0.0641091 0.110656 4
5 0.808337 0.636179 0.206168 0.216449 5
2 0.0474946 0.692183 0.0949892 0.176926 6
2 0.802312 0.726938 0.179065 0.208436 7
2 0.268472 0.657566 0.0752934 0.0762676 8
2 0.315982 0.633819 0.070501 0.0885851 9
2 0.137218 0.692468 0.13384 0.133839 1
2 0.642557 0.658937 0.06279 0.0850237 2
2 0.506773 0.625148 0.0247584 0.0329806 3
7 0.413084 0.631059 0.0643692 0.111235 4
5 0.813296 0.638804 0.213522 0.223665 5
2 0.0454439 0.695885 0.0908879 0.178101 6
2 0.810599 0.728602 0.18529 0.214469 7
2 0.266198 0.658335 0.0777221 0.0785839 8
2 0.31417 0.633434 0.0710324 0.0893216 9
2 0.452598 0.62917 0.0228384 0.0604343 11
2 0.13072 0.693126 0.137323 0.136438 1
2 0.643679 0.659331 0.0634451 0.0858727 2
2 0.506757 0.625024 0.0250752 0.0333135 3
7 0.4122 0.630964 0.0649548 0.112389 4
5 0.816929 0.638358 0.212371 0.221139 5
2 0.0427427 0.700156 0.0854853 0.17699 6
2 0.820823 0.731944 0.192957 0.222084 7
2 0.263442 0.657868 0.0782381 0.0787194 8
2 0.312563 0.633656 0.0708943 0.0890686 9
2 0.452308 0.629257 0.0227365 0.0601011 11
2 0.125221 0.695686 0.141182 0.139422 1
2 0.644955 0.659339 0.0639956 0.0865833 2
2 0.506626 0.623094 0.0278347 0.0372448 3
7 0.411364 0.631508 0.0658862 0.114223 4
5 0.822494 0.673408 0.275941 0.292299 5
2 0.0391215 0.704331 0.0782431 0.169101 6
2 0.260864 0.658979 0.081185 0.0815168 8
2 0.31086 0.634147 0.0714869 0.0898885 9
2 0.452443 0.628658 0.0227153 0.0599883 11
2 0.119097 0.696543 0.144385 0.141522 1
2 0.646239 0.659414 0.0649745 0.0878232 2
2 0.506577 0.623853 0.0266282 0.0354827 3
7 0.41056 0.631336 0.0659382 0.11433 4
5 0.829867 0.686611 0.299781 0.322471 5
2 0.0362505 0.710419 0.0725009 0.169421 6
2 0.258205 0.659044 0.0819068 0.0817655 8
2 0.309224 0.634227 0.0716887 0.0901049 9
2 0.452502 0.628938 0.0224806 0.0592566 11
2 0.11276 0.697077 0.147347 0.143394 1
2 0.647233 0.659315 0.0657256 0.0887828 2
2 0.506539 0.624308 0.0261468 0.0346577 3
7 0.409377 0.631128 0.0661666 0.114971 4
5 0.841434 0.695534 0.313255 0.34276 5
2 0.0329489 0.720693 0.0658978 0.166856 6
2 0.255258 0.659874 0.0850056 0.0846609 8
2 0.307737 0.634037 0.0731655 0.0921537 9
2 0.451917 0.628842 0.022105 0.058303 11
2 0.105897 0.698288 0.149586 0.144334 1
2 0.648334 0.6591 0.0663536 0.0895039 2
2 0.506495 0.623724 0.0270509 0.0358713 3
7 0.408069 0.630876 0.0668804 0.116547 4
5 0.840625 0.654139 0.246113 0.261845 5
2 0.0284384 0.733255 0.0568768 0.155197 6
2 0.252985 0.661559 0.0873814 0.0868635 8
2 0.305799 0.633916 0.0738131 0.0931222 9
2 0.451655 0.628681 0.0223889 0.0588317 11
2 0.865689 0.752363 0.224378 0.255653 7
2 0.0996996 0.700038 0.153096 0.146514 1
2 0.649665 0.659135 0.0673921 0.0909487 2
2 0.506313 0.62248 0.0277265 0.0368228 3
7 0.407282 0.630919 0.0672061 0.117146 4
5 0.847392 0.691886 0.305217 0.340249 5
2 0.0243318 0.7379 0.0486635 0.148371 6
2 0.250102 0.662253 0.0896576 0.0888859 8
2 0.304025 0.634214 0.0746175 0.0940807 9
2 0.450461 0.628546 0.0223531 0.0586886 11
2 0.0916552 0.701411 0.158356 0.150038 1
2 0.651147 0.659116 0.0679537 0.0916056 2
2 0.506279 0.621069 0.0292354 0.0390727 3
7 0.406576 0.630947 0.0677194 0.118083 4
5 0.850972 0.654312 0.255141 0.267311 5
2 0.246374 0.663366 0.0914423 0.0903013 8
2 0.302381 0.634284 0.0752098 0.0947191 9
2 0.449412 0.628188 0.0227036 0.0592136 11
2 0.880051 0.756056 0.231392 0.262624 7
2 0.0863516 0.702311 0.161296 0.151702 1
2 0.652521 0.660037 0.0685908 0.0923791 2
2 0.50624 0.620071 0.0293549 0.039384 3
7 0.406172 0.630786 0.0680182 0.118291 4
5 0.855135 0.63414 0.226066 0.229217 5
2 0.243628 0.663435 0.0925754 0.0911337 8
2 0.300599 0.634151 0.0757916 0.0954304 9
2 0.449166 0.628039 0.0229247 0.0595567 11
2 0.884258 0.75821 0.231485 0.264324 7
2 0.0829056 0.703477 0.163489 0.153372 1
2 0.653972 0.660863 0.0688809 0.0926852 2
2 0.506333 0.619464 0.0302483 0.0408053 3
7 0.406054 0.630872 0.0689433 0.119491 4
5 0.857964 0.627033 0.220685 0.217801 5
2 0.240353 0.66346 0.0937425 0.0918945 8
2 0.299167 0.633962 0.0767296 0.0967017 9
2 0.449736 0.62802 0.0231496 0.0603456 11
2 0.885336 0.760873 0.229328 0.272144 7
2 0.0812521 0.705036 0.162504 0.154442 1
2 0.655539 0.661067 0.0699525 0.0939689 2
2 0.506355 0.619073 0.0307534 0.0417349 3
7 0.404851 0.631192 0.0699457 0.120994 4
5 0.860853 0.624058 0.226528 0.218719 5
2 0.237252 0.664394 0.0940572 0.0916379 8
2 0.2969 0.634665 0.0766463 0.0961948 9
2 0.449919 0.628345 0.0231846 0.0608063 11
2 0.886258 0.765954 0.227485 0.282514 7
2 0.537965 0.61273 0.032428 0.037778 13
2 0.0804892 0.706448 0.160978 0.157035 1
2 0.657316 0.661411 0.0707689 0.094838 2
2 0.506437 0.619105 0.0307077 0.041923 3
7 0.404095 0.631471 0.0708843 0.122177 4
5 0.862269 0.622512 0.23601 0.22462 5
2 0.233896 0.664425 0.0959017 0.0929988 8
2 0.295272 0.634872 0.0773939 0.0968305 9
2 0.449482 0.628104 0.0227957 0.060032 11
2 0.887099 0.771333 0.225802 0.295619 7
2 0.539908 0.613022 0.0319886 0.0370659 13
7 0.692484 0.635456 0.0667586 0.114049 14
2 0.0795222 0.70831 0.159044 0.159708 1
2 0.658649 0.661875 0.0716298 0.0957386 2
2 0.506339 0.619699 0.0297664 0.0407377 3
7 0.402467 0.631592 0.0718442 0.123514 4
5 0.863969 0.623841 0.245511 0.231484 5
2 0.230508 0.665022 0.0990354 0.0957837 8
2 0.293676 0.635246 0.0782681 0.0977657 9
2 0.451025 0.626986 0.0210413 0.055702 11
2 0.887797 0.77821 0.224407 0.311205 7
2 0.536016 0.611307 0.0313844 0.0364332 13
7 0.693963 0.635594 0.0678783 0.115834 14
2 0.0786024 0.70938 0.157205 0.164107 1
2 0.659911 0.662274 0.0733644 0.0979942 2
2 0.506311 0.618785 0.0309612 0.0427854 3
2 0.401936 0.631319 0.0727347 0.124522 4
5 0.865321 0.624857 0.253262 0.23751 5
2 0.227056 0.665829 0.101041 0.0974255 8
2 0.291897 0.635649 0.0791382 0.0986567 9
2 0.448235 0.627164 0.0223804 0.0592923 11
2 0.889283 0.787159 0.221434 0.328646 7
2 0.535575 0.61174 0.0324817 0.037734 13
7 0.695736 0.636071 0.0696553 0.118653 14
2 0.0768848 0.711024 0.15377 0.165959 1
2 0.66144 0.663143 0.0743362 0.0990702 2
2 0.506267 0.618591 0.0310313 0.0431722 3
7 0.401226 0.6316 0.0736007 0.125435 4
7 0.866493 0.626332 0.261846 0.245404 5
2 0.22361 0.665956 0.100687 0.0963537 8
2 0.289782 0.636013 0.0806092 0.100415 9
2 0.44779 0.62755 0.0228352 0.0602901 11
2 0.890453 0.796784 0.219093 0.348388 7
2 0.53431 0.612116 0.0307851 0.0359316 13
7 0.697356 0.635658 0.0696435 0.118302 14
2 0.607393 0.627679 0.0398259 0.0688429 15
2 0.0755117 0.713038 0.151023 0.169288 1
2 0.6628 0.663864 0.0755387 0.100487 2
2 0.506244 0.618794 0.0306727 0.042878 3
7 0.400496 0.631652 0.0743815 0.126107 4
5 0.864717 0.632499 0.270566 0.260974 5
2 0.219903 0.66666 0.102064 0.0969854 8
2 0.288163 0.636455 0.0807236 0.100377 9
2 0.44721 0.627727 0.0234032 0.0615633 11
2 0.897641 0.795922 0.204718 0.344153 7
2 0.533967 0.612502 0.0298388 0.0349847 13
7 0.698753 0.636583 0.071281 0.120723 14
2 0.608649 0.627532 0.039852 0.0687622 15
2 0.073156 0.716213 0.146312 0.169606 1
2 0.664582 0.663915 0.077202 0.102694 2
2 0.50618 0.619641 0.0293081 0.0408475 3
2 0.399237 0.631828 0.0753078 0.127273 4
5 0.863773 0.63343 0.272455 0.267943 5
2 0.216125 0.666874 0.103905 0.0981222 8
2 0.286242 0.636414 0.0817538 0.101474 9
2 0.445652 0.627721 0.024319 0.0635231 11
2 0.907372 0.787216 0.185256 0.322584 7
2 0.53405 0.613515 0.0280792 0.0328518 13
7 0.700127 0.636854 0.0720922 0.121386 14
2 0.609707 0.627578 0.0398313 0.0685168 15
2 0.580936 0.6229 0.0243649 0.0497534 16
2 0.0710762 0.718963 0.142152 0.171569 1
2 0.666234 0.66481 0.0788084 0.104918 2
2 0.506109 0.619314 0.0296481 0.0412531 3
7 0.398239 0.632058 0.0758233 0.12758 4
5 0.862303 0.635832 0.275394 0.278849 5
2 0.21235 0.668375 0.106054 0.0993956 8
2 0.283678 0.63659 0.0829543 0.102868 9
2 0.913694 0.784142 0.172611 0.321099 7
2 0.535056 0.613807 0.0286631 0.0334483 13
7 0.702177 0.637486 0.0739344 0.124053 14
2 0.610791 0.628523 0.0403589 0.0691487 15
2 0.580617 0.622918 0.0247487 0.0505234 16
2 0.621476 0.647559 0.0313392 0.0660054 17
2 0.0688448 0.722115 0.13769 0.173578 1
2 0.6681 0.665627 0.0800778 0.106836 2
2 0.506055 0.619439 0.0295376 0.0409684 3
5 0.859514 0.642182 0.280972 0.297906 5
2 0.209208 0.667583 0.106365 0.0989377 8
2 0.281217 0.636255 0.0841603 0.104109 9
2 0.920968 0.785876 0.158064 0.318942 7
2 0.53486 0.614112 0.0280136 0.0325922 13
7 0.705528 0.638802 0.0751969 0.125831 14
2 0.611648 0.628783 0.0402552 0.0685712 15
2 0.581433 0.62309 0.0249425 0.0509482 16
2 0.62173 0.647385 0.0309896 0.0652849 17
2 0.0662948 0.723508 0.13259 0.175184 1
2 0.669974 0.666062 0.0806231 0.107689 2
2 0.506046 0.619455 0.0296983 0.0411187 3
7 0.858833 0.644274 0.282334 0.3086 5
2 0.205273 0.669377 0.109844 0.101373 8
2 0.279012 0.636582 0.0851434 0.104986 9
2 0.928161 0.78881 0.143679 0.320196 7
2 0.53463 0.613985 0.0280672 0.0327147 13
7 0.708187 0.63935 0.0760221 0.127068 14
2 0.612707 0.629201 0.0408776 0.0691203 15
2 0.582255 0.623247 0.0248158 0.0506636 16
2 0.622909 0.647727 0.0310558 0.0655322 17
2 0.444102 0.628522 0.0244066 0.0626128 11
2 0.063866 0.724355 0.127732 0.177777 1
2 0.671599 0.666505 0.0820041 0.10947 2
2 0.506014 0.619691 0.0294991 0.0407153 3
5 0.858864 0.644872 0.282272 0.316743 5
2 0.201263 0.671032 0.113444 0.104105 8
2 0.277008 0.636647 0.0864451 0.106557 9
2 0.936175 0.801192 0.12765 0.321865 7
2 0.534627 0.614606 0.027319 0.0317728 13
7 0.71012 0.639849 0.0766229 0.127926 14
2 0.612799 0.629191 0.0413304 0.069502 15
2 0.583046 0.623043 0.0251663 0.0513801 16
2 0.624269 0.647554 0.0320882 0.0679306 17
2 0.443552 0.627721 0.0250752 0.0636598 11
5 0.394493 0.632531 0.0793643 0.133048 4
2 0.058777 0.719127 0.117554 0.167478 1
2 0.673702 0.667212 0.0823821 0.109826 2
2 0.506044 0.620029 0.030202 0.0417165 3
5 0.859107 0.646733 0.281785 0.324782 5
2 0.196815 0.671861 0.115677 0.105321 8
2 0.274795 0.637183 0.0869655 0.106905 9
2 0.535266 0.614405 0.0280279 0.0326978 13
7 0.711845 0.640064 0.0772059 0.128636 14
2 0.612755 0.629459 0.0420544 0.070485 15
2 0.583259 0.622795 0.0252596 0.0515253 16
2 0.624945 0.64877 0.0318917 0.0677412 17
2 0.443324 0.627554 0.025176 0.0632026 11
5 0.393329 0.632997 0.0801132 0.133776 4
2 0.0543909 0.716474 0.108782 0.160504 1
2 0.675631 0.667297 0.083533 0.111223 2
2 0.506141 0.620203 0.0305941 0.0422724 3
5 0.85998 0.646121 0.28004 0.331371 5
2 0.192346 0.672897 0.120218 0.109232 8
2 0.272592 0.636451 0.0884826 0.108351 9
2 0.537148 0.614231 0.0278907 0.0324137 13
7 0.714037 0.640232 0.0784809 0.130359 14
2 0.614774 0.629385 0.0431275 0.071433 15
2 0.583942 0.622453 0.0253968 0.0518582 16
2 0.626663 0.649378 0.0323606 0.0685162 17
2 0.440766 0.628549 0.0254348 0.0638394 11
2 0.391939 0.632911 0.0808373 0.13465 4
2 0.0498303 0.717924 0.0996606 0.152842 1
2 0.677579 0.667767 0.0844589 0.11217 2
2 0.506118 0.620329 0.0306746 0.0424138 3
5 0.860883 0.64778 0.278234 0.338729 5
2 0.188748 0.674146 0.122493 0.111011 8
7 0.269497 0.636731 0.0897316 0.109231 9
2 0.537986 0.613935 0.0284305 0.0330997 13
7 0.715887 0.640613 0.0792829 0.131127 14
2 0.615661 0.629575 0.0440125 0.0722143 15
2 0.584067 0.622381 0.0255609 0.051874 16
2 0.628312 0.649321 0.0328774 0.0694708 17
2 0.439413 0.628685 0.025843 0.064813 11
2 0.390472 0.632961 0.0818632 0.135945 4
2 0.0458919 0.719866 0.0917838 0.148844 1
2 0.67966 0.668303 0.0861816 0.114258 2
2 0.506032 0.620524 0.0306615 0.0424159 3
5 0.862941 0.650292 0.274118 0.342069 5
2 0.184864 0.674073 0.122618 0.110514 8
2 0.266931 0.636529 0.090461 0.109362 9
2 0.539043 0.613671 0.029112 0.0338667 13
7 0.717994 0.641846 0.0814741 0.13433 14
2 0.616273 0.62987 0.0452016 0.073669 15
2 0.585472 0.622277 0.0260977 0.0529026 16
2 0.630079 0.649196 0.0338185 0.0713028 17
2 0.439044 0.628862 0.0262762 0.0659028 11
2 0.388967 0.633216 0.0831712 0.137844 4
2 0.0419021 0.726331 0.0838041 0.143624 1
2 0.681563 0.668846 0.0867863 0.114779 2
2 0.506001 0.620565 0.0307507 0.0425508 3
5 0.86414 0.652522 0.271721 0.347342 5
2 0.179397 0.675183 0.125274 0.112002 8
2 0.264266 0.636711 0.0922465 0.110894 9
2 0.54002 0.614164 0.0292786 0.0340506 13
7 0.71984 0.642444 0.0831215 0.136767 14
2 0.6166 0.629698 0.0461387 0.0747976 15
2 0.585539 0.622336 0.0254509 0.0514654 16
2 0.631541 0.649383 0.0348018 0.073131 17
2 0.439245 0.629274 0.0263793 0.0657034 11
5 0.387762 0.633116 0.0850861 0.140983 4
2 0.0373823 0.732684 0.0747647 0.136692 1
2 0.683522 0.669387 0.0875626 0.11534 2
2 0.505877 0.620885 0.030852 0.0427402 3
5 0.866256 0.653257 0.267487 0.350586 5
2 0.174757 0.676344 0.128211 0.114002 8
2 0.262247 0.636945 0.0928922 0.110904 9
2 0.540724 0.613999 0.0298667 0.0347255 13
7 0.722538 0.643076 0.0840776 0.137949 14
2 0.616621 0.62972 0.04675 0.0755932 15
2 0.585922 0.622717 0.0254675 0.0513629 16
2 0.633046 0.650078 0.036007 0.0752521 17
2 0.43832 0.629794 0.0263359 0.0654277 11
5 0.386419 0.632512 0.0871641 0.144482 4
2 0.0324989 0.741569 0.0649977 0.127221 1
2 0.685437 0.669127 0.0891627 0.11719 2
2 0.505791 0.621074 0.0308433 0.0427885 3
5 0.867797 0.655542 0.264407 0.35711 5
2 0.17151 0.677735 0.131922 0.117056 8
2 0.259688 0.636794 0.0940502 0.111399 9
2 0.542275 0.614103 0.0307497 0.0356411 13
7 0.724583 0.642932 0.0854433 0.139666 14
2 0.616836 0.629426 0.0476111 0.0768586 15
2 0.58581 0.623588 0.0251336 0.0504495 16
2 0.634168 0.650413 0.0366801 0.0762357 17
2 0.437184 0.630194 0.0266492 0.0657253 11
5 0.385134 0.629613 0.0911319 0.151794 4
2 0.0272312 0.750625 0.0544624 0.115512 1
2 0.687755 0.670377 0.0907561 0.118821 2
2 0.50565 0.621143 0.0308965 0.0429336 3
5 0.869581 0.65817 0.260838 0.362946 5
2 0.167452 0.678976 0.135549 0.12006 8
2 0.256948 0.637734 0.0958629 0.11262 9
2 0.542974 0.614192 0.0312806 0.0362077 13
7 0.726864 0.64337 0.0866975 0.14104 14
2 0.616893 0.629594 0.0481489 0.0776779 15
2 0.586243 0.623959 0.0257572 0.0515571 16
2 0.635249 0.651096 0.0374559 0.0773067 17
2 0.436613 0.630619 0.0271146 0.0664815 11
5 0.383949 0.632237 0.0892905 0.14826 4
2 0.0229159 0.757715 0.0458317 0.110951 1
2 0.689961 0.67139 0.092773 0.121213 2
2 0.505635 0.620732 0.031188 0.0434497 3
5 0.871587 0.659813 0.256825 0.366947 5
2 0.16264 0.679764 0.137245 0.121128 8
2 0.253957 0.637417 0.0985422 0.115183 9
2 0.542978 0.614276 0.0310087 0.0359336 13
7 0.72865 0.643793 0.0880818 0.142621 14
2 0.617395 0.63014 0.0484513 0.0781525 15
2 0.586352 0.623998 0.0257866 0.051324 16
2 0.63622 0.651312 0.0376421 0.0772574 17
2 0.435952 0.630732 0.027321 0.0668782 11
2 0.382433 0.633438 0.0891417 0.147475 4
2 0.69246 0.67216 0.0939264 0.122414 2
2 0.505581 0.620878 0.0312901 0.0436999 3
5 0.873205 0.661924 0.253591 0.371586 5
2 0.156799 0.680351 0.139259 0.122268 8
2 0.25258 0.637489 0.0994243 0.115812 9
2 0.543113 0.614565 0.0311607 0.0361728 13
7 0.7319 0.644787 0.0890809 0.144011 14
2 0.618314 0.630475 0.048143 0.0775013 15
2 0.586858 0.623974 0.0268211 0.053404 16
2 0.637223 0.652613 0.0381519 0.0780492 17
2 0.434913 0.630438 0.027406 0.0671798 11
5 0.380926 0.634068 0.0898517 0.148059 4
2 0.694864 0.673495 0.0962839 0.125228 2
2 0.505626 0.621002 0.0312484 0.0436987 3
5 0.875682 0.661925 0.248635 0.369962 5
2 0.152341 0.681545 0.142312 0.124415 8
2 0.247537 0.637708 0.102323 0.118346 9
2 0.542589 0.61497 0.0307461 0.0359704 13
7 0.734244 0.644984 0.0899329 0.144983 14
2 0.618977 0.631284 0.0484043 0.0780161 15
2 0.586862 0.623917 0.027444 0.0546044 16
2 0.638091 0.653329 0.0382529 0.0780581 17
2 0.435195 0.630669 0.0274823 0.0668593 11
5 0.379365 0.634151 0.0913155 0.149871 4
2 0.697219 0.674622 0.0978949 0.127051 2
2 0.505684 0.621153 0.0312916 0.0437973 3
5 0.881133 0.656781 0.237734 0.353006 5
2 0.14702 0.682882 0.146582 0.127701 8
2 0.24423 0.6384 0.104566 0.120221 9
2 0.543043 0.615302 0.0305296 0.0359011 13
7 0.736863 0.646074 0.0915622 0.147049 14
2 0.619638 0.631757 0.048829 0.0788425 15
2 0.587101 0.623127 0.027618 0.0549782 16
2 0.63893 0.654223 0.0390942 0.0798153 17
2 0.434588 0.630824 0.0276191 0.0669248 11
2 0.377833 0.633636 0.0945739 0.155132 4
2 0.699958 0.675681 0.0995472 0.129049 2
2 0.505643 0.621322 0.0313741 0.0439751 3
5 0.885985 0.655106 0.22803 0.340985 5
2 0.140971 0.684048 0.149493 0.129716 8
2 0.241963 0.638385 0.106457 0.12193 9
2 0.543032 0.615552 0.0300742 0.0356918 13
7 0.739175 0.647644 0.0941495 0.150593 14
2 0.619913 0.632294 0.0487008 0.0787806 15
2 0.58814 0.622887 0.027999 0.0554753 16
2 0.639918 0.654481 0.0393263 0.0805802 17
2 0.433425 0.631098 0.0278382 0.0673806 11
2 0.376582 0.634368 0.0954747 0.156197 4
2 0.702582 0.676808 0.101484 0.13133 2
2 0.505587 0.621551 0.0312474 0.0437464 3
5 0.889159 0.654894 0.221682 0.336159 5
2 0.13603 0.684815 0.152038 0.13125 8
2 0.237988 0.638523 0.108639 0.123587 9
2 0.543557 0.615906 0.029812 0.0355933 13
7 0.741268 0.648277 0.0962055 0.153281 14
2 0.620749 0.632553 0.0488829 0.0790287 15
2 0.588197 0.622944 0.0289974 0.05742 16
2 0.64127 0.654873 0.0401134 0.0823669 17
2 0.432545 0.631325 0.0280917 0.0680113 11
2 0.375407 0.635459 0.0966038 0.157558 4
2 0.705122 0.678044 0.104021 0.134454 2
2 0.505663 0.621892 0.0314202 0.0439208 3
5 0.891885 0.656182 0.21623 0.333275 5
2 0.13098 0.685556 0.154434 0.132758 8
2 0.235781 0.63895 0.110317 0.124866 9
2 0.543844 0.616794 0.0284659 0.0342144 13
7 0.744494 0.649114 0.097545 0.154879 14
2 0.62094 0.63277 0.0493074 0.0800649 15
2 0.588358 0.623465 0.0297536 0.0591867 16
2 0.643097 0.654606 0.0413795 0.0850055 17
2 0.431511 0.631855 0.0283107 0.068565 11
2 0.373861 0.635107 0.0989735 0.16119 4
2 0.70791 0.679136 0.105776 0.136398 2
2 0.505732 0.622203 0.0316993 0.0442415 3
5 0.894283 0.656062 0.211434 0.33333 5
2 0.124961 0.686505 0.156987 0.134219 8
2 0.232529 0.639367 0.111697 0.125321 9
2 0.544321 0.617201 0.0283009 0.0342358 13
7 0.747623 0.649226 0.0986738 0.155999 14
2 0.621808 0.633306 0.0497876 0.0809784 15
2 0.588779 0.624025 0.0300026 0.0598828 16
2 0.64426 0.655501 0.041928 0.0862436 17
2 0.431191 0.632146 0.0287679 0.0696972 11
2 0.372258 0.636032 0.0997888 0.162056 4
2 0.71099 0.680179 0.107569 0.138492 2
2 0.505593 0.622473 0.0318749 0.0443923 3
5 0.897197 0.655649 0.205605 0.330687 5
2 0.119133 0.687558 0.159435 0.135451 8
2 0.229204 0.639657 0.113462 0.126361 9
2 0.545178 0.617677 0.0283828 0.034509 13
7 0.749894 0.649863 0.100204 0.157857 14
2 0.622415 0.633611 0.0499953 0.0815645 15
2 0.589721 0.624238 0.029992 0.059722 16
2 0.644895 0.656871 0.0413437 0.0853687 17
2 0.430599 0.632474 0.0289977 0.0702319 11
2 0.370351 0.636256 0.101124 0.163807 4
