5 0.612485 0.795828 0.157409 0.275753 1
5 0.68116 0.655934 0.121236 0.203375 2
5 0.542615 0.521942 0.0589886 0.10775 3
5 0.44862 0.463278 0.0519964 0.0888163 4
2 0.48474 0.951513 0.105175 0.094405 5
2 0.807334 0.83567 0.0854466 0.11499 6
2 0.317881 0.759771 0.063519 0.103596 7
2 0.638511 0.962604 0.109403 0.0714545 8
2 0.396405 0.927976 0.0930194 0.135088 9
2 0.898974 0.947913 0.118447 0.101715 10
2 0.448335 0.836322 0.128489 0.19136 11
2 0.770205 0.945048 0.109959 0.108507 12
2 0.712238 0.829642 0.0495708 0.111528 13
