5 0.612485 0.795828 0.157409 0.275753 1
5 0.68116 0.655934 0.121236 0.203375 2
5 0.542615 0.521942 0.0589886 0.10775 3
5 0.44862 0.463278 0.0519964 0.0888163 4
2 0.48474 0.951513 0.105175 0.094405 5
2 0.807334 0.83567 0.0854466 0.11499 6
2 0.317881 0.759771 0.063519 0.103596 7
2 0.638511 0.962604 0.109403 0.0714545 8
2 0.396405 0.927976 0.0930194 0.135088 9
2 0.898974 0.947913 0.118447 0.101715 10
2 0.448335 0.836322 0.128489 0.19136 11
2 0.770205 0.945048 0.109959 0.108507 12
2 0.712238 0.829642 0.0495708 0.111528 13
5 0.612486 0.795889 0.15748 0.27588 1
5 0.681158 0.655947 0.121251 0.203402 2
5 0.542616 0.521941 0.0589898 0.107752 3
5 0.448618 0.463276 0.0519959 0.088815 4
2 0.484741 0.951515 0.105172 0.0944023 5
2 0.807334 0.835673 0.0854493 0.114994 6
2 0.31788 0.759767 0.0635156 0.10359 7
2 0.638565 0.962608 0.109307 0.0713934 8
2 0.396344 0.927973 0.0930234 0.13509 9
2 0.898973 0.947913 0.118445 0.101714 10
2 0.448335 0.836325 0.128493 0.191367 11
2 0.770205 0.945045 0.109955 0.108503 12
2 0.712238 0.829637 0.0495686 0.111523 13
5 0.612124 0.796123 0.157089 0.275187 1
5 0.680574 0.658885 0.123259 0.20686 2
5 0.54246 0.522368 0.0585849 0.106953 3
5 0.449024 0.464789 0.0523556 0.0894257 4
2 0.484445 0.952676 0.102691 0.0921073 5
2 0.806399 0.835699 0.0852739 0.114746 6
2 0.31754 0.761211 0.0632039 0.103029 7
2 0.638059 0.962697 0.109083 0.0712461 8
2 0.395658 0.928178 0.09327 0.135345 9
2 0.898331 0.948111 0.117828 0.101172 10
2 0.447307 0.836278 0.127264 0.189371 11
2 0.769686 0.945107 0.110711 0.109283 12
2 0.71198 0.830711 0.0497519 0.111947 13
5 0.611174 0.79664 0.157008 0.275082 1
5 0.680159 0.659382 0.122687 0.205943 2
5 0.542536 0.522715 0.0586681 0.107036 3
5 0.449687 0.466213 0.0521245 0.0890537 4
2 0.48408 0.953263 0.100821 0.0903376 5
2 0.805617 0.836196 0.0858408 0.115555 6
2 0.317155 0.762346 0.0635921 0.103617 7
2 0.63749 0.962694 0.108729 0.0710097 8
2 0.395789 0.928382 0.0932413 0.135144 9
2 0.897303 0.947954 0.118267 0.101598 10
2 0.446329 0.836503 0.126503 0.187915 11
2 0.768594 0.944636 0.112009 0.110681 12
2 0.711319 0.831481 0.0493562 0.110989 13
2 0.270695 0.855001 0.0878101 0.144782 14
0 0.0982973 0.964974 0.0376784 0.0675631 15
