5 0.612485 0.795828 0.157409 0.275753 1
5 0.68116 0.655934 0.121236 0.203375 2
5 0.542615 0.521942 0.0589886 0.10775 3
5 0.44862 0.463278 0.0519964 0.0888163 4
2 0.48474 0.951513 0.105175 0.094405 5
2 0.807334 0.83567 0.0854466 0.11499 6
2 0.317881 0.759771 0.063519 0.103596 7
2 0.638511 0.962604 0.109403 0.0714545 8
2 0.396405 0.927976 0.0930194 0.135088 9
2 0.898974 0.947913 0.118447 0.101715 10
2 0.448335 0.836322 0.128489 0.19136 11
2 0.770205 0.945048 0.109959 0.108507 12
2 0.712238 0.829642 0.0495708 0.111528 13
5 0.612486 0.795889 0.15748 0.27588 1
5 0.681158 0.655947 0.121251 0.203402 2
5 0.542616 0.521941 0.0589898 0.107752 3
5 0.448618 0.463276 0.0519959 0.088815 4
2 0.484741 0.951515 0.105172 0.0944023 5
2 0.807334 0.835673 0.0854493 0.114994 6
2 0.31788 0.759767 0.0635156 0.10359 7
2 0.638565 0.962608 0.109307 0.0713934 8
2 0.396344 0.927973 0.0930234 0.13509 9
2 0.898973 0.947913 0.118445 0.101714 10
2 0.448335 0.836325 0.128493 0.191367 11
2 0.770205 0.945045 0.109955 0.108503 12
2 0.712238 0.829637 0.0495686 0.111523 13
