5 0.612485 0.795828 0.157409 0.275753 1
5 0.68116 0.655934 0.121236 0.203375 2
5 0.542615 0.521942 0.0589886 0.10775 3
5 0.44862 0.463278 0.0519964 0.0888163 4
2 0.48474 0.951513 0.105175 0.094405 5
2 0.807334 0.83567 0.0854466 0.11499 6
2 0.317881 0.759771 0.063519 0.103596 7
2 0.638511 0.962604 0.109403 0.0714545 8
2 0.396405 0.927976 0.0930194 0.135088 9
2 0.898974 0.947913 0.118447 0.101715 10
2 0.448335 0.836322 0.128489 0.19136 11
2 0.770205 0.945048 0.109959 0.108507 12
2 0.712238 0.829642 0.0495708 0.111528 13
5 0.612486 0.795889 0.15748 0.27588 1
5 0.681158 0.655947 0.121251 0.203402 2
5 0.542616 0.521941 0.0589898 0.107752 3
5 0.448618 0.463276 0.0519959 0.088815 4
2 0.484741 0.951515 0.105172 0.0944023 5
2 0.807334 0.835673 0.0854493 0.114994 6
2 0.31788 0.759767 0.0635156 0.10359 7
2 0.638565 0.962608 0.109307 0.0713934 8
2 0.396344 0.927973 0.0930234 0.13509 9
2 0.898973 0.947913 0.118445 0.101714 10
2 0.448335 0.836325 0.128493 0.191367 11
2 0.770205 0.945045 0.109955 0.108503 12
2 0.712238 0.829637 0.0495686 0.111523 13
5 0.612124 0.796123 0.157089 0.275187 1
5 0.680574 0.658885 0.123259 0.20686 2
5 0.54246 0.522368 0.0585849 0.106953 3
5 0.449024 0.464789 0.0523556 0.0894257 4
2 0.484445 0.952676 0.102691 0.0921073 5
2 0.806399 0.835699 0.0852739 0.114746 6
2 0.31754 0.761211 0.0632039 0.103029 7
2 0.638059 0.962697 0.109083 0.0712461 8
2 0.395658 0.928178 0.09327 0.135345 9
2 0.898331 0.948111 0.117828 0.101172 10
2 0.447307 0.836278 0.127264 0.189371 11
2 0.769686 0.945107 0.110711 0.109283 12
2 0.71198 0.830711 0.0497519 0.111947 13
5 0.611174 0.79664 0.157008 0.275082 1
5 0.680159 0.659382 0.122687 0.205943 2
5 0.542536 0.522715 0.0586681 0.107036 3
5 0.449687 0.466213 0.0521245 0.0890537 4
2 0.48408 0.953263 0.100821 0.0903376 5
2 0.805617 0.836196 0.0858408 0.115555 6
2 0.317155 0.762346 0.0635921 0.103617 7
2 0.63749 0.962694 0.108729 0.0710097 8
2 0.395789 0.928382 0.0932413 0.135144 9
2 0.897303 0.947954 0.118267 0.101598 10
2 0.446329 0.836503 0.126503 0.187915 11
2 0.768594 0.944636 0.112009 0.110681 12
2 0.711319 0.831481 0.0493562 0.110989 13
2 0.270695 0.855001 0.0878101 0.144782 14
0 0.0982973 0.964974 0.0376784 0.0675631 15
5 0.610134 0.796962 0.156956 0.27506 1
5 0.67966 0.660661 0.123181 0.206916 2
5 0.542185 0.523255 0.0584244 0.106428 3
5 0.449406 0.467229 0.0516648 0.0883233 4
2 0.483862 0.953761 0.0996501 0.0891365 5
2 0.80461 0.836673 0.0850478 0.114456 6
2 0.317067 0.76409 0.0635495 0.103483 7
2 0.637207 0.962759 0.109095 0.0712296 8
2 0.395383 0.929143 0.0926667 0.134131 9
2 0.896453 0.948082 0.117815 0.101265 10
2 0.44642 0.836693 0.126173 0.186941 11
2 0.767473 0.94439 0.112117 0.110952 12
2 0.710647 0.832069 0.0496518 0.111619 13
2 0.27042 0.854762 0.0888169 0.146456 14
0 0.0978371 0.965216 0.0373257 0.0669057 15
5 0.60939 0.797872 0.156708 0.274734 1
5 0.678555 0.658384 0.119577 0.200529 2
5 0.542368 0.52395 0.0586164 0.106497 3
5 0.449507 0.46816 0.0513737 0.0878979 4
2 0.483924 0.954657 0.0982409 0.0875874 5
2 0.804132 0.838152 0.0854208 0.115029 6
2 0.316895 0.765554 0.0637921 0.103829 7
2 0.636712 0.962911 0.108896 0.071077 8
2 0.396061 0.929762 0.0926533 0.133748 9
2 0.895636 0.948077 0.118109 0.101614 10
2 0.446556 0.835604 0.123854 0.182451 11
2 0.766562 0.944351 0.111794 0.110828 12
2 0.710141 0.832013 0.0492424 0.110473 13
2 0.270011 0.855209 0.0891599 0.147027 14
0 0.0971168 0.965303 0.0370506 0.0664199 15
5 0.608941 0.798665 0.156417 0.274314 1
5 0.678026 0.657423 0.117687 0.196941 2
5 0.542416 0.525426 0.0590513 0.106912 3
5 0.44922 0.468831 0.0513037 0.0878599 4
2 0.483668 0.954845 0.0980911 0.0871732 5
2 0.803184 0.838666 0.0851351 0.114608 6
2 0.316774 0.766819 0.0637433 0.103714 7
2 0.63571 0.963094 0.107717 0.0702493 8
2 0.395361 0.930223 0.0925677 0.133207 9
2 0.895038 0.948032 0.118046 0.1017 10
2 0.446544 0.836584 0.124769 0.182896 11
2 0.766047 0.944195 0.11145 0.110675 12
2 0.709692 0.832793 0.0490484 0.109714 13
2 0.269609 0.856285 0.0891075 0.146962 14
0 0.0967438 0.965434 0.0368486 0.0660181 15
5 0.608202 0.798454 0.155644 0.272932 1
5 0.677734 0.657709 0.11686 0.195069 2
5 0.541283 0.526556 0.0587332 0.105958 3
5 0.448587 0.470395 0.0511502 0.08754 4
2 0.483445 0.956668 0.0948164 0.0836336 5
2 0.80242 0.838764 0.0855754 0.115354 6
2 0.316687 0.76791 0.0636813 0.1036 7
2 0.635258 0.962743 0.108157 0.070504 8
2 0.394466 0.930572 0.0926173 0.132788 9
2 0.893733 0.947948 0.118095 0.101862 10
2 0.447302 0.837439 0.125156 0.182532 11
2 0.765093 0.944323 0.111133 0.110588 12
2 0.70907 0.83373 0.0489191 0.108892 13
2 0.269595 0.857069 0.089539 0.147763 14
0 0.0961598 0.965698 0.0366191 0.0656556 15
5 0.607614 0.798919 0.155598 0.272953 1
5 0.677268 0.661211 0.120243 0.200726 2
5 0.540022 0.527577 0.0584475 0.10527 3
5 0.448364 0.472043 0.0515379 0.0884173 4
2 0.483375 0.956612 0.0953893 0.0836326 5
2 0.801064 0.839065 0.0850517 0.114637 6
2 0.316642 0.768712 0.0638387 0.103862 7
2 0.63473 0.962986 0.107521 0.0700499 8
2 0.394218 0.930933 0.0924752 0.132044 9
2 0.892509 0.947583 0.118821 0.102705 10
2 0.447266 0.83828 0.125316 0.181653 11
2 0.764089 0.94435 0.111053 0.110705 12
2 0.708444 0.834817 0.0496351 0.110012 13
2 0.269374 0.858689 0.0898731 0.14849 14
0 0.0959181 0.966653 0.0356379 0.0638284 15
5 0.606973 0.799093 0.154942 0.271727 1
5 0.677085 0.662755 0.121345 0.202637 2
5 0.540044 0.529069 0.0578966 0.10393 3
5 0.447794 0.472518 0.0518124 0.0889506 4
2 0.483122 0.95677 0.0954738 0.0831828 5
2 0.800339 0.839032 0.084981 0.114685 6
2 0.316567 0.769753 0.0639886 0.104137 7
2 0.634161 0.963137 0.107608 0.0700981 8
2 0.393222 0.931131 0.0925506 0.131771 9
2 0.891328 0.947427 0.118799 0.102873 10
2 0.44715 0.839808 0.126621 0.182703 11
2 0.763151 0.94433 0.110959 0.110802 12
2 0.70763 0.835349 0.0499426 0.110238 13
2 0.269409 0.860986 0.0887178 0.146583 14
0 0.0959428 0.967994 0.034529 0.0616251 15
2 0.772412 0.775763 0.0703847 0.0964562 16
5 0.606059 0.799591 0.154509 0.270883 1
5 0.676569 0.661169 0.119219 0.198542 2
5 0.539551 0.530557 0.0578225 0.103513 3
5 0.447615 0.473825 0.0522708 0.0898513 4
2 0.482658 0.957598 0.0945692 0.0817963 5
2 0.799195 0.838304 0.0838312 0.112994 6
2 0.316221 0.771168 0.0639828 0.104091 7
2 0.633113 0.963007 0.107419 0.0699945 8
2 0.392921 0.931529 0.0923928 0.131177 9
2 0.89027 0.947543 0.11824 0.102645 10
2 0.448023 0.840567 0.126591 0.182013 11
2 0.762284 0.944299 0.110801 0.110892 12
2 0.706823 0.835689 0.0504374 0.110903 13
2 0.269246 0.862251 0.0882466 0.145825 14
0 0.0953393 0.968937 0.0335501 0.0596514 15
2 0.771798 0.77493 0.0693731 0.0950395 16
5 0.605189 0.799991 0.153991 0.269852 1
5 0.675543 0.660616 0.118134 0.195854 2
5 0.538879 0.531499 0.0583066 0.104252 3
5 0.447105 0.474526 0.0521185 0.0895964 4
2 0.482375 0.957583 0.0952053 0.0817992 5
2 0.798423 0.837849 0.0832798 0.112186 6
2 0.316026 0.772176 0.0643136 0.10463 7
2 0.632626 0.96313 0.107423 0.0700122 8
2 0.393362 0.931731 0.0923589 0.13092 9
2 0.889129 0.947373 0.118017 0.102785 10
2 0.448259 0.84109 0.126729 0.181652 11
2 0.761212 0.944209 0.110594 0.110953 12
2 0.706074 0.835309 0.0504585 0.110217 13
2 0.268919 0.863569 0.0873971 0.144311 14
0 0.0950526 0.969736 0.0328115 0.057936 15
2 0.771367 0.774566 0.0685169 0.0938044 16
5 0.604438 0.80018 0.153682 0.269291 1
5 0.674771 0.660863 0.118039 0.194722 2
5 0.538942 0.532837 0.0576834 0.102972 3
5 0.44693 0.475247 0.0526309 0.0904238 4
2 0.482093 0.958012 0.0949775 0.0810356 5
2 0.797355 0.83766 0.0829575 0.111613 6
2 0.315942 0.773178 0.0643283 0.104661 7
2 0.632031 0.963113 0.107436 0.070099 8
2 0.393027 0.932215 0.0921584 0.13015 9
2 0.888089 0.94708 0.11809 0.103189 10
2 0.447525 0.843782 0.12932 0.185086 11
2 0.75983 0.944197 0.110592 0.111251 12
2 0.70539 0.835056 0.0505349 0.109623 13
2 0.268859 0.864218 0.0878986 0.145242 14
0 0.0951868 0.970335 0.0324187 0.0567316 15
2 0.770742 0.774945 0.0691193 0.0945944 16
5 0.604148 0.800158 0.15338 0.268724 1
5 0.674319 0.660981 0.118038 0.193862 2
5 0.539279 0.533938 0.0582522 0.103636 3
5 0.446547 0.476215 0.0524995 0.0900289 4
2 0.48186 0.959371 0.0925416 0.0779857 5
2 0.796433 0.837252 0.0825937 0.110954 6
2 0.315776 0.774265 0.0643107 0.104721 7
2 0.631533 0.962958 0.10784 0.0704735 8
2 0.392879 0.932578 0.0920526 0.129629 9
2 0.887111 0.94719 0.117499 0.103017 10
2 0.447975 0.843973 0.128996 0.184219 11
2 0.758966 0.944146 0.110307 0.111293 12
2 0.704515 0.83507 0.0503412 0.108438 13
2 0.268466 0.864794 0.0879373 0.145413 14
0 0.0952821 0.970697 0.032292 0.0560286 15
2 0.770138 0.775002 0.0683261 0.0934357 16
5 0.603588 0.8002 0.153074 0.268135 1
5 0.673992 0.661271 0.1182 0.193305 2
5 0.538976 0.534243 0.058737 0.10438 3
5 0.446208 0.476728 0.0519203 0.0886824 4
2 0.481739 0.959484 0.0928543 0.0774202 5
2 0.795541 0.837246 0.0825312 0.110763 6
2 0.315641 0.774938 0.0644119 0.104982 7
2 0.631207 0.9629 0.108228 0.0708575 8
2 0.393428 0.932693 0.0922171 0.129465 9
2 0.885592 0.947141 0.117331 0.103226 10
2 0.448178 0.844232 0.128793 0.183389 11
2 0.757747 0.944038 0.110418 0.111801 12
2 0.703863 0.835352 0.0500907 0.107018 13
2 0.268109 0.865225 0.0879648 0.14553 14
0 0.0949312 0.971081 0.0323136 0.0555696 15
2 0.76959 0.775407 0.0687761 0.0940799 16
