5 0.612485 0.795828 0.157409 0.275753 1
5 0.68116 0.655934 0.121236 0.203375 2
5 0.542615 0.521942 0.0589886 0.10775 3
5 0.44862 0.463278 0.0519964 0.0888163 4
2 0.48474 0.951513 0.105175 0.094405 5
2 0.807334 0.83567 0.0854466 0.11499 6
2 0.317881 0.759771 0.063519 0.103596 7
2 0.638511 0.962604 0.109403 0.0714545 8
2 0.396405 0.927976 0.0930194 0.135088 9
2 0.898974 0.947913 0.118447 0.101715 10
2 0.448335 0.836322 0.128489 0.19136 11
2 0.770205 0.945048 0.109959 0.108507 12
2 0.712238 0.829642 0.0495708 0.111528 13
5 0.612486 0.795889 0.15748 0.27588 1
5 0.681158 0.655947 0.121251 0.203402 2
5 0.542616 0.521941 0.0589898 0.107752 3
5 0.448618 0.463276 0.0519959 0.088815 4
2 0.484741 0.951515 0.105172 0.0944023 5
2 0.807334 0.835673 0.0854493 0.114994 6
2 0.31788 0.759767 0.0635156 0.10359 7
2 0.638565 0.962608 0.109307 0.0713934 8
2 0.396344 0.927973 0.0930234 0.13509 9
2 0.898973 0.947913 0.118445 0.101714 10
2 0.448335 0.836325 0.128493 0.191367 11
2 0.770205 0.945045 0.109955 0.108503 12
2 0.712238 0.829637 0.0495686 0.111523 13
5 0.612124 0.796123 0.157089 0.275187 1
5 0.680574 0.658885 0.123259 0.20686 2
5 0.54246 0.522368 0.0585849 0.106953 3
5 0.449024 0.464789 0.0523556 0.0894257 4
2 0.484445 0.952676 0.102691 0.0921073 5
2 0.806399 0.835699 0.0852739 0.114746 6
2 0.31754 0.761211 0.0632039 0.103029 7
2 0.638059 0.962697 0.109083 0.0712461 8
2 0.395658 0.928178 0.09327 0.135345 9
2 0.898331 0.948111 0.117828 0.101172 10
2 0.447307 0.836278 0.127264 0.189371 11
2 0.769686 0.945107 0.110711 0.109283 12
2 0.71198 0.830711 0.0497519 0.111947 13
5 0.611174 0.79664 0.157008 0.275082 1
5 0.680159 0.659382 0.122687 0.205943 2
5 0.542536 0.522715 0.0586681 0.107036 3
5 0.449687 0.466213 0.0521245 0.0890537 4
2 0.48408 0.953263 0.100821 0.0903376 5
2 0.805617 0.836196 0.0858408 0.115555 6
2 0.317155 0.762346 0.0635921 0.103617 7
2 0.63749 0.962694 0.108729 0.0710097 8
2 0.395789 0.928382 0.0932413 0.135144 9
2 0.897303 0.947954 0.118267 0.101598 10
2 0.446329 0.836503 0.126503 0.187915 11
2 0.768594 0.944636 0.112009 0.110681 12
2 0.711319 0.831481 0.0493562 0.110989 13
2 0.270695 0.855001 0.0878101 0.144782 14
0 0.0982973 0.964974 0.0376784 0.0675631 15
5 0.610134 0.796962 0.156956 0.27506 1
5 0.67966 0.660661 0.123181 0.206916 2
5 0.542185 0.523255 0.0584244 0.106428 3
5 0.449406 0.467229 0.0516648 0.0883233 4
2 0.483862 0.953761 0.0996501 0.0891365 5
2 0.80461 0.836673 0.0850478 0.114456 6
2 0.317067 0.76409 0.0635495 0.103483 7
2 0.637207 0.962759 0.109095 0.0712296 8
2 0.395383 0.929143 0.0926667 0.134131 9
2 0.896453 0.948082 0.117815 0.101265 10
2 0.44642 0.836693 0.126173 0.186941 11
2 0.767473 0.94439 0.112117 0.110952 12
2 0.710647 0.832069 0.0496518 0.111619 13
2 0.27042 0.854762 0.0888169 0.146456 14
0 0.0978371 0.965216 0.0373257 0.0669057 15
5 0.60939 0.797872 0.156708 0.274734 1
5 0.678555 0.658384 0.119577 0.200529 2
5 0.542368 0.52395 0.0586164 0.106497 3
5 0.449507 0.46816 0.0513737 0.0878979 4
2 0.483924 0.954657 0.0982409 0.0875874 5
2 0.804132 0.838152 0.0854208 0.115029 6
2 0.316895 0.765554 0.0637921 0.103829 7
2 0.636712 0.962911 0.108896 0.071077 8
2 0.396061 0.929762 0.0926533 0.133748 9
2 0.895636 0.948077 0.118109 0.101614 10
2 0.446556 0.835604 0.123854 0.182451 11
2 0.766562 0.944351 0.111794 0.110828 12
2 0.710141 0.832013 0.0492424 0.110473 13
2 0.270011 0.855209 0.0891599 0.147027 14
0 0.0971168 0.965303 0.0370506 0.0664199 15
5 0.608941 0.798665 0.156417 0.274314 1
5 0.678026 0.657423 0.117687 0.196941 2
5 0.542416 0.525426 0.0590513 0.106912 3
5 0.44922 0.468831 0.0513037 0.0878599 4
2 0.483668 0.954845 0.0980911 0.0871732 5
2 0.803184 0.838666 0.0851351 0.114608 6
2 0.316774 0.766819 0.0637433 0.103714 7
2 0.63571 0.963094 0.107717 0.0702493 8
2 0.395361 0.930223 0.0925677 0.133207 9
2 0.895038 0.948032 0.118046 0.1017 10
2 0.446544 0.836584 0.124769 0.182896 11
2 0.766047 0.944195 0.11145 0.110675 12
2 0.709692 0.832793 0.0490484 0.109714 13
2 0.269609 0.856285 0.0891075 0.146962 14
0 0.0967438 0.965434 0.0368486 0.0660181 15
5 0.608202 0.798454 0.155644 0.272932 1
5 0.677734 0.657709 0.11686 0.195069 2
5 0.541283 0.526556 0.0587332 0.105958 3
5 0.448587 0.470395 0.0511502 0.08754 4
2 0.483445 0.956668 0.0948164 0.0836336 5
2 0.80242 0.838764 0.0855754 0.115354 6
2 0.316687 0.76791 0.0636813 0.1036 7
2 0.635258 0.962743 0.108157 0.070504 8
2 0.394466 0.930572 0.0926173 0.132788 9
2 0.893733 0.947948 0.118095 0.101862 10
2 0.447302 0.837439 0.125156 0.182532 11
2 0.765093 0.944323 0.111133 0.110588 12
2 0.70907 0.83373 0.0489191 0.108892 13
2 0.269595 0.857069 0.089539 0.147763 14
0 0.0961598 0.965698 0.0366191 0.0656556 15
5 0.607614 0.798919 0.155598 0.272953 1
5 0.677268 0.661211 0.120243 0.200726 2
5 0.540022 0.527577 0.0584475 0.10527 3
5 0.448364 0.472043 0.0515379 0.0884173 4
2 0.483375 0.956612 0.0953893 0.0836326 5
2 0.801064 0.839065 0.0850517 0.114637 6
2 0.316642 0.768712 0.0638387 0.103862 7
2 0.63473 0.962986 0.107521 0.0700499 8
2 0.394218 0.930933 0.0924752 0.132044 9
2 0.892509 0.947583 0.118821 0.102705 10
2 0.447266 0.83828 0.125316 0.181653 11
2 0.764089 0.94435 0.111053 0.110705 12
2 0.708444 0.834817 0.0496351 0.110012 13
2 0.269374 0.858689 0.0898731 0.14849 14
0 0.0959181 0.966653 0.0356379 0.0638284 15
