5 0.61254 0.796152 0.15718 0.276317 1
5 0.681164 0.652182 0.121333 0.195709 2
5 0.542469 0.521829 0.0589011 0.107021 3
5 0.448807 0.463596 0.0523502 0.0891365 4
2 0.807314 0.836317 0.0856045 0.115581 5
2 0.484845 0.951785 0.105324 0.0939837 6
2 0.31771 0.76008 0.0638456 0.103624 7
2 0.396365 0.928031 0.0929737 0.135028 8
2 0.638538 0.962561 0.109204 0.0716362 9
2 0.899041 0.947984 0.118685 0.101797 10
2 0.447594 0.836559 0.129766 0.191615 11
2 0.77022 0.944937 0.110126 0.108922 12
2 0.712205 0.829215 0.0497919 0.111299 13
0 0.0987814 0.96364 0.0383124 0.0702091 14
2 0.27131 0.852448 0.0883027 0.146186 15
5 0.612539 0.796154 0.157184 0.276324 1
5 0.681162 0.652188 0.121342 0.195723 2
5 0.542469 0.521829 0.0589046 0.107027 3
5 0.448806 0.463595 0.05235 0.0891359 4
2 0.807314 0.836321 0.0856084 0.115587 5
2 0.484845 0.951788 0.105321 0.0939813 6
2 0.31771 0.760081 0.0638486 0.103628 7
2 0.396365 0.928036 0.0929808 0.135038 8
2 0.638527 0.962575 0.109186 0.0716245 9
2 0.89904 0.947983 0.118683 0.101795 10
2 0.447583 0.83656 0.129767 0.191616 11
2 0.770221 0.944938 0.110126 0.108922 12
2 0.712205 0.829217 0.0497937 0.111303 13
0 0.0987816 0.963641 0.0383125 0.0702092 14
2 0.271308 0.852451 0.0883105 0.146199 15
5 0.612155 0.796551 0.157078 0.276131 1
5 0.680672 0.658491 0.127362 0.20577 2
5 0.542435 0.522319 0.0584084 0.106084 3
5 0.448931 0.464945 0.0526815 0.0897138 4
2 0.806385 0.836144 0.0854183 0.115325 5
2 0.484587 0.952755 0.103125 0.0919655 6
2 0.317365 0.761286 0.0635826 0.103154 7
2 0.396037 0.928238 0.0932113 0.135316 8
2 0.637982 0.962643 0.108614 0.0712371 9
2 0.898409 0.948149 0.118127 0.101312 10
2 0.447362 0.836512 0.128525 0.189726 11
2 0.769669 0.945137 0.110487 0.109303 12
2 0.711991 0.830444 0.0500638 0.111947 13
0 0.0984288 0.96427 0.037485 0.0686509 14
2 0.271183 0.853873 0.0872118 0.144313 15
5 0.611205 0.796849 0.156946 0.275941 1
5 0.68062 0.661161 0.129345 0.209534 2
5 0.542503 0.522602 0.0586484 0.106458 3
5 0.449437 0.466368 0.0526231 0.0896865 4
2 0.805651 0.83647 0.0858552 0.115954 5
2 0.484094 0.953419 0.101585 0.0905245 6
2 0.317096 0.762267 0.0638808 0.103616 7
2 0.395999 0.928524 0.0930766 0.134982 8
2 0.637647 0.962855 0.109244 0.0716295 9
2 0.897308 0.947832 0.118686 0.101855 10
2 0.446463 0.836985 0.128147 0.188906 11
2 0.76859 0.944808 0.111393 0.110288 12
2 0.711373 0.831274 0.0497696 0.111254 13
0 0.0982269 0.964861 0.0368882 0.0674285 14
2 0.270984 0.854827 0.0868747 0.143631 15
5 0.610187 0.79734 0.156885 0.275898 1
5 0.680269 0.662405 0.129534 0.210504 2
5 0.542001 0.523176 0.0585705 0.10619 3
5 0.449149 0.467455 0.0520267 0.0887606 4
2 0.804663 0.837166 0.0857229 0.115798 5
2 0.484161 0.95381 0.100737 0.0896111 6
2 0.31703 0.764035 0.0636827 0.103242 7
2 0.395383 0.929287 0.09247 0.133866 8
2 0.6372 0.962598 0.108432 0.0710852 9
2 0.896579 0.948031 0.118194 0.101486 10
2 0.446513 0.836789 0.127237 0.187181 11
2 0.767412 0.944402 0.111728 0.110773 12
2 0.710702 0.831991 0.0500025 0.111774 13
0 0.0975431 0.96501 0.0366799 0.0669903 14
2 0.270398 0.855144 0.0881728 0.145777 15
5 0.609308 0.79814 0.156302 0.274951 1
5 0.678923 0.658894 0.124312 0.202037 2
5 0.542032 0.523875 0.0587113 0.106234 3
5 0.449488 0.468838 0.0515769 0.0880795 4
2 0.804189 0.837969 0.0847381 0.114449 5
2 0.484071 0.954539 0.0993275 0.0881026 6
2 0.316884 0.765478 0.0639441 0.103642 7
2 0.395763 0.929861 0.0924267 0.13341 8
2 0.636881 0.962861 0.108144 0.0708694 9
2 0.895664 0.948146 0.118212 0.1016 10
2 0.446451 0.836338 0.125013 0.182991 11
2 0.766655 0.944584 0.111491 0.110726 12
2 0.710223 0.832208 0.0496763 0.110903 13
0 0.0970073 0.964896 0.036756 0.067121 14
2 0.269873 0.855799 0.088147 0.145637 15
5 0.608925 0.799061 0.156289 0.275017 1
5 0.678295 0.657657 0.121845 0.198046 2
5 0.542093 0.525197 0.0589158 0.106292 3
5 0.449541 0.469924 0.0514277 0.0879578 4
2 0.803092 0.838977 0.0850847 0.114929 5
2 0.483763 0.954666 0.0989709 0.0875389 6
2 0.316712 0.76666 0.0639638 0.103674 7
2 0.395062 0.930283 0.092418 0.133043 8
2 0.63593 0.963106 0.106902 0.0699698 9
2 0.895032 0.948125 0.118084 0.10162 10
2 0.446272 0.836956 0.125415 0.182671 11
2 0.766028 0.944244 0.111213 0.11062 12
2 0.70976 0.833123 0.0493697 0.10995 13
0 0.0966743 0.965099 0.0365092 0.0665821 14
2 0.269641 0.856607 0.0883382 0.145954 15
