5 0.61254 0.796152 0.15718 0.276317 1
5 0.681164 0.652182 0.121333 0.195709 2
5 0.542469 0.521829 0.0589011 0.107021 3
5 0.448807 0.463596 0.0523502 0.0891365 4
2 0.807314 0.836317 0.0856045 0.115581 5
2 0.484845 0.951785 0.105324 0.0939837 6
2 0.31771 0.76008 0.0638456 0.103624 7
2 0.396365 0.928031 0.0929737 0.135028 8
2 0.638538 0.962561 0.109204 0.0716362 9
2 0.899041 0.947984 0.118685 0.101797 10
2 0.447594 0.836559 0.129766 0.191615 11
2 0.77022 0.944937 0.110126 0.108922 12
2 0.712205 0.829215 0.0497919 0.111299 13
0 0.0987814 0.96364 0.0383124 0.0702091 14
2 0.27131 0.852448 0.0883027 0.146186 15
5 0.612539 0.796154 0.157184 0.276324 1
5 0.681162 0.652188 0.121342 0.195723 2
5 0.542469 0.521829 0.0589046 0.107027 3
5 0.448806 0.463595 0.05235 0.0891359 4
2 0.807314 0.836321 0.0856084 0.115587 5
2 0.484845 0.951788 0.105321 0.0939813 6
2 0.31771 0.760081 0.0638486 0.103628 7
2 0.396365 0.928036 0.0929808 0.135038 8
2 0.638527 0.962575 0.109186 0.0716245 9
2 0.89904 0.947983 0.118683 0.101795 10
2 0.447583 0.83656 0.129767 0.191616 11
2 0.770221 0.944938 0.110126 0.108922 12
2 0.712205 0.829217 0.0497937 0.111303 13
0 0.0987816 0.963641 0.0383125 0.0702092 14
2 0.271308 0.852451 0.0883105 0.146199 15
5 0.612155 0.796551 0.157078 0.276131 1
5 0.680672 0.658491 0.127362 0.20577 2
5 0.542435 0.522319 0.0584084 0.106084 3
5 0.448931 0.464945 0.0526815 0.0897138 4
2 0.806385 0.836144 0.0854183 0.115325 5
2 0.484587 0.952755 0.103125 0.0919655 6
2 0.317365 0.761286 0.0635826 0.103154 7
2 0.396037 0.928238 0.0932113 0.135316 8
2 0.637982 0.962643 0.108614 0.0712371 9
2 0.898409 0.948149 0.118127 0.101312 10
2 0.447362 0.836512 0.128525 0.189726 11
2 0.769669 0.945137 0.110487 0.109303 12
2 0.711991 0.830444 0.0500638 0.111947 13
0 0.0984288 0.96427 0.037485 0.0686509 14
2 0.271183 0.853873 0.0872118 0.144313 15
5 0.611205 0.796849 0.156946 0.275941 1
5 0.68062 0.661161 0.129345 0.209534 2
5 0.542503 0.522602 0.0586484 0.106458 3
5 0.449437 0.466368 0.0526231 0.0896865 4
2 0.805651 0.83647 0.0858552 0.115954 5
2 0.484094 0.953419 0.101585 0.0905245 6
2 0.317096 0.762267 0.0638808 0.103616 7
2 0.395999 0.928524 0.0930766 0.134982 8
2 0.637647 0.962855 0.109244 0.0716295 9
2 0.897308 0.947832 0.118686 0.101855 10
2 0.446463 0.836985 0.128147 0.188906 11
2 0.76859 0.944808 0.111393 0.110288 12
2 0.711373 0.831274 0.0497696 0.111254 13
0 0.0982269 0.964861 0.0368882 0.0674285 14
2 0.270984 0.854827 0.0868747 0.143631 15
5 0.610187 0.79734 0.156885 0.275898 1
5 0.680269 0.662405 0.129534 0.210504 2
5 0.542001 0.523176 0.0585705 0.10619 3
5 0.449149 0.467455 0.0520267 0.0887606 4
2 0.804663 0.837166 0.0857229 0.115798 5
2 0.484161 0.95381 0.100737 0.0896111 6
2 0.31703 0.764035 0.0636827 0.103242 7
2 0.395383 0.929287 0.09247 0.133866 8
2 0.6372 0.962598 0.108432 0.0710852 9
2 0.896579 0.948031 0.118194 0.101486 10
2 0.446513 0.836789 0.127237 0.187181 11
2 0.767412 0.944402 0.111728 0.110773 12
2 0.710702 0.831991 0.0500025 0.111774 13
0 0.0975431 0.96501 0.0366799 0.0669903 14
2 0.270398 0.855144 0.0881728 0.145777 15
5 0.609308 0.79814 0.156302 0.274951 1
5 0.678923 0.658894 0.124312 0.202037 2
5 0.542032 0.523875 0.0587113 0.106234 3
5 0.449488 0.468838 0.0515769 0.0880795 4
2 0.804189 0.837969 0.0847381 0.114449 5
2 0.484071 0.954539 0.0993275 0.0881026 6
2 0.316884 0.765478 0.0639441 0.103642 7
2 0.395763 0.929861 0.0924267 0.13341 8
2 0.636881 0.962861 0.108144 0.0708694 9
2 0.895664 0.948146 0.118212 0.1016 10
2 0.446451 0.836338 0.125013 0.182991 11
2 0.766655 0.944584 0.111491 0.110726 12
2 0.710223 0.832208 0.0496763 0.110903 13
0 0.0970073 0.964896 0.036756 0.067121 14
2 0.269873 0.855799 0.088147 0.145637 15
5 0.608925 0.799061 0.156289 0.275017 1
5 0.678295 0.657657 0.121845 0.198046 2
5 0.542093 0.525197 0.0589158 0.106292 3
5 0.449541 0.469924 0.0514277 0.0879578 4
2 0.803092 0.838977 0.0850847 0.114929 5
2 0.483763 0.954666 0.0989709 0.0875389 6
2 0.316712 0.76666 0.0639638 0.103674 7
2 0.395062 0.930283 0.092418 0.133043 8
2 0.63593 0.963106 0.106902 0.0699698 9
2 0.895032 0.948125 0.118084 0.10162 10
2 0.446272 0.836956 0.125415 0.182671 11
2 0.766028 0.944244 0.111213 0.11062 12
2 0.70976 0.833123 0.0493697 0.10995 13
0 0.0966743 0.965099 0.0365092 0.0665821 14
2 0.269641 0.856607 0.0883382 0.145954 15
5 0.608132 0.798815 0.155505 0.273586 1
5 0.677892 0.658518 0.121043 0.196749 2
5 0.540794 0.526521 0.0587795 0.105799 3
5 0.448675 0.470965 0.0510791 0.0873151 4
2 0.802251 0.839245 0.0855687 0.115721 5
2 0.483469 0.956426 0.0956342 0.0840049 6
2 0.316661 0.767628 0.0638104 0.103441 7
2 0.39411 0.930613 0.0924326 0.132636 8
2 0.635396 0.9629 0.107271 0.0701413 9
2 0.893813 0.948168 0.117813 0.101469 10
2 0.446406 0.837234 0.125263 0.18127 11
2 0.765187 0.944492 0.110953 0.110561 12
2 0.709181 0.833727 0.0489813 0.10858 13
0 0.0962609 0.965137 0.0364793 0.0665697 14
2 0.269525 0.857246 0.0890524 0.147289 15
5 0.607631 0.799161 0.155306 0.273258 1
5 0.677249 0.662504 0.124875 0.203514 2
5 0.540154 0.527769 0.0583565 0.104705 3
5 0.448424 0.472357 0.0517537 0.0887554 4
2 0.800963 0.839542 0.0852053 0.115228 5
2 0.483239 0.95612 0.0966136 0.0844983 6
2 0.316618 0.768524 0.0639136 0.103636 7
2 0.393899 0.930961 0.092177 0.131834 8
2 0.63469 0.963029 0.10706 0.0699561 9
2 0.892544 0.947705 0.118784 0.102524 10
2 0.446198 0.838333 0.126165 0.181369 11
2 0.76408 0.944327 0.111021 0.110821 12
2 0.708511 0.834892 0.0498111 0.109991 13
0 0.0959378 0.966362 0.0352365 0.0641468 14
2 0.269338 0.858581 0.0892111 0.14771 15
5 0.606984 0.799249 0.154662 0.272001 1
5 0.677075 0.663386 0.124847 0.203923 2
5 0.54 0.529055 0.0578642 0.103472 3
5 0.447653 0.472607 0.0519903 0.0892544 4
2 0.800194 0.839376 0.0849535 0.115027 5
2 0.483164 0.956223 0.0968305 0.0842495 6
2 0.316586 0.769578 0.0640147 0.103851 7
2 0.393245 0.931215 0.0921971 0.131478 8
2 0.634135 0.963153 0.107413 0.0701577 9
2 0.8913 0.947622 0.11866 0.10258 10
2 0.446732 0.839694 0.127339 0.182182 11
2 0.763218 0.944314 0.110991 0.110993 12
2 0.707794 0.835529 0.0501105 0.110235 13
0 0.0960459 0.967818 0.0341288 0.0617755 14
2 0.269171 0.860818 0.0887364 0.147015 15
2 0.772531 0.775678 0.0706921 0.0963981 16
5 0.606033 0.799731 0.154217 0.271036 1
5 0.676685 0.661855 0.122655 0.200288 2
5 0.539586 0.530149 0.0579731 0.103415 3
5 0.447253 0.473488 0.0520617 0.089336 4
2 0.799071 0.838327 0.0837787 0.113304 5
2 0.482685 0.957351 0.0953112 0.082381 6
2 0.316231 0.770916 0.0639116 0.103648 7
2 0.392971 0.931671 0.0920123 0.130788 8
2 0.633147 0.962924 0.107685 0.0703731 9
2 0.890241 0.947628 0.118459 0.102669 10
2 0.447865 0.84035 0.127028 0.181106 11
2 0.762304 0.944288 0.110791 0.111025 12
2 0.706966 0.835592 0.0503789 0.110326 13
0 0.0956629 0.968764 0.0333284 0.0599188 14
2 0.269072 0.862588 0.0874796 0.144799 15
2 0.77192 0.775123 0.0700858 0.0955697 16
5 0.60516 0.800522 0.154165 0.2709 1
5 0.675472 0.661619 0.121397 0.197829 2
5 0.538987 0.531175 0.0583261 0.103914 3
5 0.446855 0.474335 0.0523865 0.089929 4
2 0.798327 0.837894 0.0832035 0.112433 5
2 0.48242 0.95739 0.0956673 0.0822212 6
2 0.315984 0.771898 0.0642498 0.104222 7
2 0.393188 0.93193 0.0920396 0.130499 8
2 0.632494 0.963293 0.106564 0.0696003 9
2 0.889141 0.947557 0.118004 0.102592 10
2 0.448114 0.841198 0.127518 0.181359 11
2 0.761279 0.944022 0.110422 0.110893 12
2 0.706215 0.835276 0.0505607 0.110044 13
0 0.0952618 0.96963 0.0326281 0.0580932 14
2 0.268756 0.863975 0.0864619 0.142873 15
2 0.771252 0.774682 0.0691954 0.0943209 16
5 0.604384 0.800886 0.153895 0.270436 1
5 0.674673 0.661349 0.120368 0.195485 2
5 0.538971 0.532217 0.0574115 0.102045 3
5 0.446893 0.475338 0.0529414 0.0909466 4
2 0.797262 0.837771 0.0827937 0.111735 5
2 0.482112 0.958117 0.0948049 0.0808772 6
2 0.315852 0.772922 0.0643017 0.10433 7
2 0.39317 0.932437 0.0917723 0.129686 8
2 0.631828 0.96331 0.106427 0.0695457 9
2 0.88811 0.947261 0.11811 0.103042 10
2 0.447326 0.844057 0.130259 0.185067 11
2 0.759816 0.944064 0.110379 0.111121 12
2 0.705458 0.835187 0.0507635 0.10975 13
0 0.0952635 0.970394 0.032093 0.0564641 14
2 0.268694 0.864278 0.087198 0.144136 15
2 0.770706 0.775097 0.0698997 0.0952846 16
5 0.604093 0.800487 0.15322 0.26915 1
5 0.674287 0.661167 0.120083 0.194451 2
5 0.539476 0.533346 0.0582851 0.103197 3
5 0.446731 0.476367 0.0524939 0.0900283 4
2 0.796408 0.837347 0.0824504 0.111101 5
2 0.481892 0.959252 0.0928004 0.0782403 6
2 0.315674 0.774036 0.0644567 0.104671 7
2 0.393288 0.932722 0.0917301 0.129347 8
2 0.631363 0.96305 0.107379 0.070255 9
2 0.887023 0.947356 0.117585 0.102922 10
2 0.448015 0.843994 0.129557 0.183767 11
2 0.758915 0.9441 0.110301 0.11141 12
2 0.70466 0.835199 0.0505237 0.108431 13
0 0.095384 0.9706 0.0322069 0.056024 14
2 0.268221 0.864405 0.088049 0.145675 15
2 0.770204 0.774892 0.0685445 0.0933442 16
5 0.603581 0.800613 0.153058 0.268826 1
5 0.674002 0.661344 0.119792 0.193474 2
5 0.539031 0.533837 0.0590453 0.104441 3
5 0.446368 0.476987 0.0520092 0.0889999 4
2 0.795562 0.837174 0.0821879 0.110582 5
2 0.481825 0.959266 0.0932486 0.0778432 6
2 0.315422 0.774624 0.0643164 0.104556 7
2 0.39333 0.932701 0.0920092 0.129347 8
2 0.631086 0.962927 0.107896 0.0706983 9
2 0.885561 0.947287 0.117289 0.102988 10
2 0.448086 0.844129 0.129341 0.18292 11
2 0.757761 0.943994 0.110418 0.111897 12
2 0.703985 0.835243 0.0504222 0.107352 13
0 0.0951239 0.970821 0.0323146 0.0556294 14
2 0.267993 0.865132 0.0877656 0.145223 15
2 0.769651 0.774713 0.0684208 0.0931555 16
5 0.602872 0.801153 0.152871 0.268431 1
5 0.673404 0.661534 0.120234 0.193537 2
5 0.538493 0.535043 0.0595551 0.105411 3
5 0.445489 0.477286 0.0517999 0.0879643 4
2 0.794347 0.836486 0.0813073 0.109063 5
2 0.481972 0.9599 0.0931231 0.0769993 6
2 0.315109 0.775412 0.0640617 0.10419 7
2 0.392836 0.933393 0.0915033 0.128138 8
2 0.630811 0.962908 0.107968 0.0708441 9
2 0.884693 0.947254 0.116977 0.103086 10
2 0.446963 0.845574 0.13035 0.183522 11
2 0.756537 0.943898 0.110101 0.112028 12
2 0.70341 0.835472 0.0503905 0.106332 13
0 0.0950685 0.971097 0.0324719 0.0553936 14
2 0.268004 0.866356 0.087757 0.145268 15
2 0.769243 0.774539 0.0688358 0.0937618 16
5 0.602179 0.801739 0.152554 0.267792 1
5 0.673097 0.663476 0.121595 0.195434 2
5 0.538277 0.53573 0.0595445 0.10537 3
5 0.445448 0.477982 0.0515797 0.087023 4
2 0.793513 0.836548 0.0809158 0.108325 5
2 0.481722 0.960911 0.0919136 0.0750864 6
2 0.314984 0.776323 0.0640473 0.10428 7
2 0.393021 0.934178 0.0907944 0.12676 8
2 0.630472 0.963082 0.10722 0.0704055 9
2 0.883897 0.947211 0.116775 0.103294 10
2 0.4471 0.847206 0.131421 0.184684 11
2 0.755514 0.943867 0.109875 0.112227 12
2 0.702853 0.835963 0.0504454 0.10545 13
0 0.0947669 0.971336 0.032451 0.0549143 14
2 0.267857 0.866901 0.0881936 0.146119 15
2 0.768857 0.77475 0.0691114 0.0941953 16
5 0.601476 0.801816 0.152556 0.267818 1
5 0.671892 0.664045 0.120871 0.194318 2
5 0.538122 0.536623 0.0598502 0.105903 3
5 0.445292 0.477733 0.0509609 0.0852358 4
2 0.792467 0.836488 0.081298 0.10864 5
2 0.481577 0.960753 0.0925265 0.0747512 6
2 0.314873 0.777108 0.0637613 0.103952 7
2 0.392665 0.934636 0.0906945 0.126178 8
2 0.630301 0.962994 0.107382 0.0705909 9
2 0.883024 0.947447 0.116093 0.103028 10
2 0.44768 0.847751 0.130673 0.183188 11
2 0.754752 0.943615 0.109973 0.11277 12
2 0.702154 0.836326 0.0503613 0.103956 13
2 0.267556 0.867556 0.0890838 0.147911 15
2 0.768313 0.774317 0.067458 0.0917185 16
5 0.600597 0.801816 0.152443 0.267775 1
5 0.671323 0.665409 0.121124 0.194887 2
5 0.537751 0.537508 0.0598032 0.105944 3
5 0.445248 0.477877 0.0508021 0.0842962 4
2 0.791722 0.836478 0.0817528 0.10936 5
2 0.481481 0.96116 0.0927749 0.0742402 6
2 0.314549 0.777821 0.0635789 0.103739 7
2 0.392267 0.935209 0.0905559 0.125585 8
2 0.629683 0.963014 0.10727 0.0705581 9
2 0.882068 0.947236 0.115925 0.103273 10
2 0.447319 0.849852 0.132242 0.185055 11
2 0.753978 0.943428 0.109872 0.113145 12
2 0.701394 0.836896 0.0507782 0.103822 13
2 0.267441 0.868604 0.0889679 0.147987 15
2 0.767581 0.775711 0.0690784 0.094048 16
5 0.600047 0.801784 0.151674 0.266561 1
5 0.670776 0.666454 0.121343 0.195496 2
5 0.537519 0.538591 0.0598365 0.106088 3
5 0.44532 0.478953 0.0514308 0.084913 4
2 0.790973 0.836592 0.0818074 0.109326 5
2 0.481451 0.962045 0.0919934 0.0727861 6
2 0.314464 0.7788 0.0634386 0.103603 7
2 0.392272 0.936002 0.0899513 0.124387 8
2 0.628939 0.962918 0.107814 0.0709552 9
2 0.881133 0.947076 0.115602 0.103357 10
2 0.446841 0.852009 0.133858 0.187272 11
2 0.75314 0.943314 0.109491 0.113218 12
2 0.700419 0.837676 0.0511062 0.103568 13
2 0.267014 0.868785 0.0892693 0.148787 15
2 0.766993 0.775907 0.0689807 0.0938995 16
5 0.599497 0.802088 0.150935 0.265378 1
5 0.670005 0.666473 0.120318 0.19386 2
5 0.537205 0.539715 0.059863 0.106225 3
5 0.44514 0.479608 0.0512648 0.0841642 4
2 0.790123 0.836145 0.0807845 0.107698 5
2 0.481042 0.961628 0.0931936 0.0730326 6
2 0.314384 0.779183 0.0632249 0.103328 7
2 0.391788 0.936458 0.0899041 0.123701 8
2 0.628474 0.962972 0.108351 0.0714126 9
2 0.879708 0.947101 0.115108 0.103286 10
2 0.44617 0.85367 0.134853 0.188746 11
2 0.752379 0.943173 0.109137 0.113237 12
2 0.699674 0.838705 0.0514654 0.103329 13
2 0.266788 0.869573 0.0886461 0.147874 15
2 0.766331 0.77629 0.0691637 0.0941975 16
5 0.599171 0.802164 0.150219 0.264201 1
5 0.669828 0.666232 0.118502 0.190932 2
5 0.536672 0.54035 0.0600158 0.106583 3
5 0.445051 0.4792 0.050283 0.0819353 4
2 0.789062 0.835936 0.080767 0.107472 5
2 0.48074 0.961616 0.0936535 0.0726889 6
2 0.314236 0.779891 0.0629857 0.103005 7
2 0.39136 0.9368 0.0899426 0.123067 8
2 0.627725 0.963086 0.10872 0.0718224 9
2 0.878599 0.947103 0.114909 0.103484 10
2 0.445385 0.853877 0.133359 0.186272 11
2 0.751547 0.942983 0.108776 0.113364 12
2 0.699019 0.839116 0.051696 0.10276 13
2 0.266571 0.870857 0.0884627 0.147822 15
2 0.765638 0.776776 0.069059 0.0941497 16
5 0.598754 0.802064 0.149758 0.263353 1
5 0.669274 0.668172 0.11996 0.193542 2
5 0.536339 0.541633 0.0596453 0.10592 3
5 0.445018 0.480228 0.0508045 0.0826051 4
2 0.788261 0.835935 0.0809799 0.107552 5
2 0.480498 0.961985 0.0936488 0.07192 6
2 0.31413 0.780942 0.0630559 0.103198 7
2 0.391452 0.93753 0.0893158 0.121652 8
2 0.626983 0.963176 0.10864 0.0719086 9
2 0.877706 0.946941 0.114951 0.104007 10
2 0.445198 0.85388 0.132824 0.185268 11
2 0.750715 0.942853 0.108558 0.113625 12
2 0.698602 0.840064 0.0523453 0.103136 13
2 0.266553 0.871406 0.0883009 0.147733 15
2 0.764963 0.777297 0.0684868 0.093381 16
5 0.598356 0.802068 0.149766 0.26332 1
5 0.668421 0.669031 0.119632 0.193186 2
5 0.536216 0.542377 0.0595772 0.105931 3
5 0.445147 0.480878 0.050158 0.0811097 4
2 0.78741 0.835987 0.0812295 0.107795 5
2 0.480224 0.96231 0.0935891 0.0711317 6
2 0.313921 0.781765 0.0632217 0.10361 7
2 0.391295 0.938055 0.0890245 0.120616 8
2 0.626658 0.963212 0.10889 0.0722317 9
2 0.876338 0.946582 0.115231 0.104785 10
2 0.445302 0.854334 0.132641 0.184986 11
2 0.750022 0.942811 0.108303 0.113821 12
2 0.69808 0.84085 0.0531856 0.104004 13
2 0.266317 0.873059 0.0875908 0.146575 15
2 0.764265 0.777647 0.0682487 0.0931279 16
5 0.598125 0.801983 0.149837 0.263218 1
5 0.667602 0.669483 0.119541 0.193153 2
5 0.536158 0.542179 0.0593459 0.105542 3
5 0.445074 0.481726 0.0500083 0.0805629 4
2 0.786404 0.835698 0.0812901 0.107739 5
2 0.479986 0.962735 0.0941309 0.070871 6
2 0.313732 0.782428 0.0634599 0.104164 7
2 0.390839 0.938277 0.0891839 0.120056 8
2 0.626276 0.963273 0.108736 0.0722457 9
2 0.875256 0.946435 0.114971 0.105031 10
2 0.444801 0.855378 0.133029 0.185617 11
2 0.748944 0.942726 0.108019 0.114019 12
2 0.69745 0.841749 0.0539185 0.104674 13
2 0.26621 0.87478 0.0875721 0.146644 15
2 0.763696 0.77864 0.068039 0.0929083 16
5 0.597993 0.801219 0.150205 0.263664 1
5 0.666886 0.669592 0.119186 0.19268 2
5 0.535799 0.542474 0.0590801 0.105244 3
5 0.445174 0.482028 0.0491689 0.0787132 4
2 0.7855 0.834768 0.0805539 0.106543 5
2 0.47987 0.963314 0.0938645 0.0699632 6
2 0.313595 0.783121 0.0633266 0.104047 7
2 0.390752 0.938566 0.0891555 0.119317 8
2 0.625717 0.963066 0.109211 0.0727889 9
2 0.874519 0.946074 0.114868 0.105538 10
2 0.444606 0.856384 0.133578 0.186485 11
2 0.747876 0.942673 0.107847 0.114428 12
2 0.696788 0.841748 0.0543701 0.104579 13
2 0.266264 0.875858 0.0875254 0.146519 15
2 0.763121 0.779205 0.0681034 0.0931337 16
5 0.597514 0.801831 0.15031 0.263757 1
5 0.666381 0.670621 0.11961 0.193511 2
5 0.535533 0.543042 0.0587993 0.104912 3
5 0.444757 0.482927 0.0492627 0.0785298 4
2 0.784572 0.834679 0.0809209 0.107029 5
2 0.480117 0.96417 0.0933881 0.0688891 6
2 0.313504 0.784151 0.0631597 0.103806 7
2 0.39115 0.938935 0.0887815 0.118248 8
2 0.625291 0.962915 0.109187 0.0729921 9
2 0.873431 0.945714 0.114791 0.106046 10
2 0.445096 0.856871 0.133549 0.186752 11
2 0.746928 0.942557 0.107702 0.114818 12
2 0.696163 0.842244 0.0551763 0.105233 13
2 0.266037 0.876688 0.0874399 0.146328 15
2 0.762546 0.779309 0.0677024 0.0925953 16
5 0.597154 0.802572 0.150053 0.263073 1
5 0.666112 0.671199 0.119889 0.194115 2
5 0.535378 0.54308 0.0585472 0.104618 3
5 0.444247 0.4836 0.0497763 0.0787559 4
2 0.78368 0.834307 0.0808268 0.106749 5
2 0.480023 0.964071 0.0947231 0.0693857 6
2 0.313303 0.785107 0.0629859 0.103493 7
2 0.390957 0.939253 0.0887423 0.117462 8
2 0.624682 0.96317 0.108208 0.07249 9
2 0.872203 0.9455 0.114423 0.106176 10
2 0.445339 0.856771 0.132279 0.18544 11
2 0.746135 0.942186 0.107854 0.115619 12
2 0.695768 0.842521 0.0557737 0.105546 13
2 0.265892 0.877343 0.0873103 0.14603 15
2 0.76206 0.779711 0.0676802 0.0926969 16
5 0.596319 0.80324 0.149443 0.261817 1
5 0.666065 0.67171 0.119851 0.194246 2
5 0.535065 0.543385 0.0581051 0.104006 3
5 0.443837 0.484057 0.0498075 0.0781931 4
2 0.78279 0.83401 0.0804831 0.106161 5
2 0.479682 0.964352 0.0948911 0.0689428 6
2 0.313191 0.786177 0.0626616 0.102853 7
2 0.390963 0.939474 0.0889154 0.117061 8
2 0.624261 0.962874 0.107665 0.0722361 9
2 0.871283 0.945117 0.114569 0.106842 10
2 0.445327 0.857546 0.132699 0.186615 11
2 0.745191 0.942065 0.10744 0.115781 12
2 0.695349 0.842375 0.0557502 0.104673 13
2 0.265845 0.87738 0.087736 0.146778 15
2 0.761434 0.779141 0.0678704 0.0931196 16
5 0.59583 0.803271 0.149238 0.26114 1
5 0.665682 0.673366 0.120779 0.1963 2
5 0.534573 0.544324 0.058457 0.104915 3
5 0.443215 0.48452 0.0493242 0.0769902 4
2 0.781857 0.833213 0.0803109 0.105865 5
2 0.479485 0.965543 0.0929566 0.0667438 6
2 0.313203 0.787228 0.0627427 0.102974 7
2 0.391055 0.939718 0.0889598 0.116598 8
2 0.623921 0.962613 0.107578 0.0723011 9
2 0.870492 0.945073 0.114392 0.10726 10
2 0.445978 0.858658 0.132016 0.186302 11
2 0.744199 0.941993 0.107092 0.115994 12
2 0.694751 0.842084 0.0556838 0.103574 13
2 0.265675 0.877937 0.0881424 0.147591 15
2 0.761024 0.779064 0.0680078 0.0934556 16
5 0.595426 0.802971 0.148782 0.259825 1
5 0.665109 0.673907 0.120671 0.196611 2
5 0.535187 0.544841 0.0579091 0.103738 3
5 0.44288 0.486285 0.0500652 0.0780114 4
2 0.780976 0.83302 0.0810692 0.107096 5
2 0.479415 0.966437 0.09199 0.0652838 6
2 0.313125 0.787836 0.0628821 0.103146 7
2 0.391351 0.940172 0.0885717 0.115622 8
2 0.623441 0.962262 0.107738 0.0726178 9
2 0.869129 0.944704 0.114445 0.107959 10
2 0.446242 0.8575 0.129274 0.182428 11
2 0.743568 0.941612 0.107261 0.116777 12
2 0.694317 0.841405 0.0557593 0.10276 13
2 0.265356 0.878393 0.0880583 0.147604 15
2 0.7604 0.779329 0.0679139 0.0935594 16
0 0.0906172 0.975114 0.0303328 0.049057 14
5 0.595125 0.803012 0.148656 0.258994 1
5 0.664869 0.674902 0.120816 0.197432 2
5 0.535414 0.545425 0.0578806 0.103739 3
5 0.442499 0.487053 0.0501123 0.0778128 4
2 0.780003 0.833483 0.0803797 0.10623 5
2 0.479418 0.966262 0.0930536 0.0654746 6
2 0.31303 0.788596 0.0628136 0.102967 7
2 0.391436 0.940449 0.0884862 0.114971 8
2 0.623111 0.962077 0.107955 0.0729887 9
2 0.867967 0.944342 0.114037 0.108297 10
2 0.446292 0.85701 0.127484 0.17969 11
2 0.742875 0.941405 0.107116 0.117189 12
2 0.694108 0.840766 0.0553733 0.100865 13
2 0.265315 0.878643 0.0888691 0.149246 15
2 0.760055 0.779833 0.0675014 0.0931343 16
0 0.0904988 0.975307 0.0311996 0.0488853 14
5 0.594992 0.802978 0.148741 0.258469 1
5 0.664348 0.673334 0.11848 0.1937 2
5 0.534714 0.546424 0.0583035 0.104896 3
5 0.442219 0.487939 0.0496643 0.0766592 4
2 0.779282 0.833656 0.0807105 0.10693 5
2 0.479348 0.966605 0.0927536 0.0646124 6
2 0.312923 0.789489 0.0625751 0.102467 7
2 0.391174 0.940729 0.0885424 0.114343 8
2 0.622858 0.961881 0.108083 0.0733133 9
2 0.866862 0.94384 0.11439 0.109429 10
2 0.445327 0.855523 0.12497 0.175333 11
2 0.74224 0.941318 0.106772 0.117365 12
2 0.693724 0.840898 0.0557465 0.100387 13
2 0.265047 0.879548 0.0885749 0.149036 15
2 0.759676 0.779869 0.0671146 0.0926473 16
0 0.0901835 0.975302 0.0318437 0.0488029 14
5 0.594618 0.802666 0.149202 0.2588 1
5 0.66378 0.674277 0.118971 0.194905 2
5 0.534224 0.547115 0.0588596 0.106308 3
5 0.442081 0.488755 0.0509369 0.0785883 4
2 0.778455 0.832978 0.0798485 0.10587 5
2 0.479432 0.967596 0.0911101 0.0626704 6
2 0.312963 0.790028 0.0625823 0.102508 7
2 0.390842 0.940866 0.0889381 0.114169 8
2 0.622329 0.96186 0.107708 0.0733502 9
2 0.865855 0.943653 0.113939 0.109775 10
2 0.445765 0.858674 0.127651 0.179364 11
2 0.741672 0.941424 0.106113 0.117152 12
2 0.693613 0.840851 0.0554599 0.0985462 13
2 0.264962 0.880729 0.0884255 0.149137 15
2 0.75905 0.779795 0.0671152 0.0928748 16
0 0.0899792 0.975947 0.0317209 0.0473905 14
5 0.593937 0.802194 0.149286 0.258638 1
5 0.663296 0.675182 0.118965 0.195136 2
5 0.534473 0.54739 0.0590324 0.106726 3
5 0.442042 0.489386 0.051564 0.0795234 4
2 0.77792 0.83182 0.0800736 0.106402 5
2 0.479649 0.968024 0.0909859 0.0618981 6
2 0.312882 0.790616 0.0624661 0.102286 7
2 0.390394 0.941197 0.0890225 0.113516 8
2 0.621643 0.961801 0.107338 0.0733632 9
2 0.864894 0.943366 0.113691 0.110383 10
2 0.44586 0.858857 0.127134 0.178497 11
2 0.741035 0.941473 0.105597 0.117054 12
2 0.693347 0.840911 0.0555803 0.0975014 13
2 0.264832 0.882171 0.0875504 0.147765 15
2 0.758379 0.779413 0.0660204 0.0913328 16
0 0.0899618 0.977675 0.0303102 0.0440199 14
5 0.593396 0.802266 0.149003 0.257718 1
5 0.663006 0.674389 0.116751 0.19121 2
5 0.535302 0.54797 0.058991 0.106325 3
5 0.44189 0.490066 0.0512438 0.0790766 4
2 0.777326 0.831019 0.0798783 0.106231 5
2 0.479712 0.967383 0.0934442 0.0631712 6
2 0.312782 0.791726 0.0625277 0.102358 7
2 0.390611 0.9415 0.0893442 0.113386 8
2 0.621245 0.961819 0.106868 0.0732462 9
2 0.864349 0.943122 0.113661 0.111082 10
2 0.44626 0.857297 0.124627 0.174083 11
2 0.74057 0.941411 0.105298 0.117178 12
2 0.693159 0.841091 0.0558466 0.096787 13
2 0.264954 0.883572 0.0865748 0.14604 15
0 0.0893331 0.978634 0.029571 0.0417283 14
5 0.592571 0.802417 0.149128 0.257898 1
5 0.662872 0.674983 0.116421 0.190611 2
5 0.535218 0.548606 0.0586387 0.105553 3
5 0.441538 0.490998 0.0513388 0.0791848 4
2 0.776633 0.830915 0.0798602 0.10639 5
2 0.479767 0.967865 0.0926391 0.0620526 6
2 0.312774 0.792579 0.0626949 0.102657 7
2 0.390963 0.942004 0.0891094 0.112594 8
2 0.620939 0.96196 0.106403 0.0731514 9
2 0.863368 0.942968 0.113554 0.111772 10
2 0.446363 0.859145 0.126442 0.176626 11
2 0.740331 0.941392 0.104915 0.117215 12
2 0.692827 0.842301 0.0563346 0.0965266 13
2 0.264775 0.884495 0.0869895 0.146892 15
0 0.0888869 0.979191 0.0294823 0.0405325 14
5 0.591052 0.802139 0.148579 0.257299 1
5 0.662968 0.677215 0.118746 0.195053 2
5 0.534514 0.549102 0.0584283 0.105323 3
5 0.441354 0.491702 0.0520484 0.0800024 4
2 0.776035 0.831173 0.0800208 0.1069 5
2 0.479975 0.968612 0.091089 0.0603242 6
2 0.312804 0.793236 0.0627963 0.10286 7
2 0.390707 0.942341 0.0890504 0.111886 8
2 0.620326 0.962023 0.106626 0.0735876 9
2 0.862243 0.942621 0.113548 0.112606 10
2 0.446962 0.861109 0.127999 0.178846 11
2 0.739771 0.941257 0.104746 0.117487 12
2 0.692681 0.843163 0.0574303 0.0971801 13
2 0.264653 0.885482 0.0867581 0.146558 15
0 0.0892409 0.979998 0.0291016 0.0391786 14
5 0.590413 0.802204 0.148164 0.256837 1
5 0.662989 0.67879 0.120089 0.198174 2
5 0.533771 0.54935 0.0578206 0.104608 3
5 0.441674 0.492023 0.0520983 0.0798631 4
2 0.775234 0.830628 0.0794496 0.106326 5
2 0.480172 0.968501 0.0920237 0.0604457 6
2 0.31284 0.793834 0.0629574 0.103239 7
2 0.39058 0.942956 0.088542 0.11047 8
2 0.6199 0.961995 0.106498 0.0737347 9
2 0.861359 0.942087 0.113577 0.113524 10
2 0.446903 0.862278 0.128571 0.179785 11
2 0.73904 0.941052 0.104377 0.117553 12
2 0.691771 0.843049 0.0576639 0.0965766 13
2 0.264606 0.886609 0.0862246 0.145541 15
5 0.589761 0.801965 0.147965 0.256792 1
5 0.662251 0.677848 0.118539 0.195723 2
5 0.533071 0.549787 0.0575153 0.104454 3
5 0.44172 0.492797 0.0514539 0.0786891 4
2 0.774444 0.830793 0.0792637 0.106305 5
2 0.480332 0.969162 0.0911263 0.0592345 6
2 0.312838 0.794392 0.0629498 0.103367 7
2 0.390562 0.943342 0.0885321 0.109751 8
2 0.619505 0.961879 0.106644 0.074102 9
2 0.860385 0.941564 0.113659 0.114507 10
2 0.446635 0.86086 0.1264 0.176181 11
2 0.738244 0.940864 0.104355 0.118146 12
2 0.691127 0.843738 0.0584839 0.0971355 13
2 0.264482 0.887092 0.0864859 0.14602 15
5 0.589347 0.80177 0.147683 0.256592 1
5 0.661637 0.676923 0.117144 0.193237 2
5 0.532753 0.550604 0.0570061 0.103743 3
5 0.441571 0.493462 0.051276 0.0783025 4
2 0.773951 0.830712 0.0790188 0.106262 5
2 0.480384 0.969052 0.0920291 0.0593389 6
2 0.312882 0.794909 0.0629836 0.103549 7
2 0.390831 0.9436 0.0885496 0.109186 8
2 0.619013 0.961781 0.106912 0.0745473 9
2 0.859242 0.941167 0.113412 0.115164 10
2 0.44642 0.86126 0.126852 0.176676 11
2 0.737472 0.940473 0.104138 0.118531 12
2 0.690621 0.843693 0.0591081 0.097296 13
2 0.264433 0.88749 0.0866114 0.146273 15
5 0.588659 0.801434 0.147352 0.256463 1
5 0.660748 0.678442 0.118716 0.196093 2
5 0.532922 0.551566 0.0569989 0.103925 3
5 0.44076 0.494046 0.0519834 0.0793326 4
2 0.773244 0.830044 0.078063 0.104962 5
2 0.480482 0.969056 0.0925601 0.0592437 6
2 0.312886 0.795328 0.062719 0.103151 7
2 0.390864 0.943874 0.0885276 0.10849 8
2 0.618662 0.961554 0.107049 0.074919 9
2 0.858046 0.940458 0.113457 0.116212 10
2 0.446147 0.863555 0.128979 0.179978 11
2 0.736739 0.940116 0.104024 0.11907 12
2 0.689904 0.843495 0.0594256 0.0971521 13
2 0.264428 0.88852 0.0858719 0.144818 15
5 0.58811 0.800947 0.146681 0.255615 1
5 0.659696 0.677371 0.1167 0.19257 2
5 0.532553 0.55237 0.0569805 0.104378 3
5 0.440521 0.494787 0.0513917 0.0782767 4
2 0.77275 0.829894 0.0778572 0.10484 5
2 0.480558 0.968889 0.0935677 0.059543 6
2 0.312843 0.796021 0.0625207 0.102882 7
2 0.390917 0.944085 0.0884903 0.107849 8
2 0.618514 0.96128 0.107011 0.0751738 9
2 0.857182 0.940107 0.11328 0.117026 10
2 0.445994 0.866211 0.131373 0.184051 11
2 0.736106 0.939771 0.103947 0.119714 12
2 0.689243 0.843005 0.0596169 0.0967893 13
2 0.264354 0.889138 0.0855748 0.144209 15
5 0.587804 0.8001 0.145545 0.253714 1
5 0.658731 0.67638 0.115236 0.189702 2
5 0.532324 0.552855 0.0568867 0.104577 3
5 0.440518 0.495362 0.051391 0.078216 4
2 0.772195 0.82919 0.0774305 0.104359 5
2 0.480729 0.96947 0.0919815 0.0580629 6
2 0.312877 0.796741 0.0622643 0.102499 7
2 0.391142 0.944134 0.0886291 0.107328 8
2 0.618303 0.960855 0.107559 0.0759091 9
2 0.855863 0.939572 0.112943 0.117597 10
2 0.445741 0.870089 0.135271 0.191069 11
2 0.73552 0.939543 0.103503 0.119999 12
2 0.688615 0.843437 0.0608329 0.0983254 13
7 0.264556 0.888705 0.0861253 0.145079 15
0 0.703797 0.72861 0.0247084 0.0780849 18
5 0.587428 0.799823 0.144823 0.252559 1
5 0.658537 0.677151 0.115823 0.190591 2
5 0.531854 0.553641 0.0566482 0.104546 3
5 0.440754 0.496004 0.0510717 0.077703 4
2 0.771245 0.829009 0.0778337 0.105046 5
2 0.48079 0.970315 0.0901955 0.0563119 6
2 0.312857 0.797496 0.0623542 0.102762 7
2 0.391368 0.944388 0.0886281 0.106685 8
2 0.617931 0.960712 0.107531 0.0762273 9
2 0.854932 0.938915 0.113297 0.118923 10
2 0.445935 0.871373 0.134896 0.191841 11
2 0.734951 0.939277 0.103258 0.12044 12
2 0.68807 0.843893 0.0617975 0.0994657 13
7 0.264605 0.889262 0.0859044 0.144574 15
5 0.586772 0.799793 0.144328 0.251825 1
5 0.658328 0.678635 0.11742 0.193349 2
5 0.531869 0.554109 0.0565301 0.104648 3
5 0.44069 0.496626 0.0511399 0.0777018 4
2 0.7708 0.827839 0.0783515 0.106081 5
2 0.480768 0.971001 0.0891681 0.0549963 6
2 0.312868 0.797925 0.0624182 0.103019 7
2 0.391453 0.944426 0.0887822 0.106438 8
2 0.617614 0.960526 0.107347 0.0764323 9
2 0.853698 0.938522 0.112984 0.119632 10
2 0.445924 0.868035 0.129413 0.183996 11
2 0.734376 0.938956 0.103153 0.121088 12
2 0.687917 0.844193 0.0626044 0.100346 13
2 0.264628 0.890433 0.0851432 0.143072 15
5 0.586195 0.799051 0.143806 0.251126 1
5 0.657993 0.678147 0.116475 0.191546 2
5 0.531849 0.554484 0.0561813 0.104226 3
5 0.440581 0.496933 0.0512427 0.0776783 4
2 0.770245 0.827337 0.0773175 0.104756 5
2 0.480807 0.971451 0.0889431 0.0541952 6
2 0.312877 0.798188 0.0621143 0.102606 7
2 0.617361 0.960295 0.107079 0.0765555 9
2 0.852933 0.937775 0.113356 0.121019 10
2 0.445636 0.86694 0.126962 0.18054 11
2 0.733737 0.938768 0.103062 0.121772 12
2 0.687487 0.844444 0.0633446 0.100997 13
2 0.264517 0.890986 0.084658 0.141981 15
5 0.585669 0.79875 0.143155 0.250101 1
5 0.657736 0.677801 0.115766 0.190045 2
5 0.531826 0.554903 0.0556895 0.1035 3
5 0.440594 0.49746 0.0515602 0.0780312 4
2 0.769719 0.827245 0.0768491 0.104015 5
2 0.480856 0.971614 0.0895483 0.053992 6
2 0.312799 0.798937 0.0619698 0.102479 7
2 0.61718 0.960097 0.107195 0.0770185 9
2 0.851863 0.93694 0.113172 0.121936 10
2 0.445812 0.867373 0.126517 0.180168 11
2 0.733121 0.938396 0.103259 0.12284 12
2 0.687173 0.844652 0.0642846 0.102143 13
2 0.264487 0.891765 0.0848996 0.14205 15
5 0.58516 0.798894 0.143073 0.249956 1
5 0.657373 0.677312 0.115052 0.188415 2
5 0.531749 0.555174 0.0556279 0.10364 3
5 0.440707 0.498159 0.0519763 0.0785734 4
2 0.76929 0.826552 0.0760491 0.102745 5
2 0.480925 0.971384 0.0911283 0.0545225 6
2 0.312756 0.799531 0.0620079 0.102667 7
2 0.616939 0.959906 0.107366 0.0775165 9
2 0.850931 0.936252 0.11293 0.122831 10
2 0.446044 0.868107 0.127531 0.182218 11
2 0.73263 0.938037 0.103091 0.123449 12
2 0.686759 0.84477 0.0647821 0.10268 13
2 0.264466 0.891836 0.0859334 0.143661 15
5 0.584661 0.798555 0.142576 0.249123 1
5 0.656708 0.677724 0.115413 0.188645 2
5 0.531239 0.554995 0.0556511 0.104012 3
5 0.44124 0.498791 0.0519488 0.0784317 4
2 0.768598 0.826041 0.0770094 0.104272 5
2 0.480907 0.9708 0.0937266 0.055825 6
2 0.312544 0.800303 0.0618832 0.102472 7
2 0.616769 0.959735 0.107046 0.0776342 9
2 0.850039 0.935586 0.112293 0.12344 10
2 0.445922 0.868801 0.127739 0.182966 11
2 0.732411 0.93784 0.102669 0.123692 12
2 0.686095 0.845285 0.0652362 0.103272 13
2 0.264402 0.892186 0.0863102 0.14426 15
5 0.584259 0.798631 0.142421 0.248945 1
5 0.656225 0.677924 0.115666 0.188707 2
5 0.531047 0.555151 0.0558084 0.104551 3
5 0.441676 0.499354 0.0519981 0.0782798 4
2 0.767975 0.825454 0.0769361 0.104256 5
2 0.480987 0.970974 0.093736 0.0554933 6
2 0.312282 0.800894 0.0620627 0.102804 7
2 0.616508 0.959626 0.10664 0.0776932 9
2 0.849048 0.93502 0.111428 0.123698 10
2 0.445732 0.869894 0.128148 0.184029 11
2 0.731929 0.937355 0.102308 0.124061 12
2 0.685815 0.845819 0.0657623 0.104048 13
7 0.264205 0.892217 0.0870111 0.145593 15
5 0.583798 0.798691 0.142266 0.248735 1
5 0.655781 0.677852 0.115549 0.188131 2
5 0.53121 0.555403 0.0560646 0.105357 3
5 0.442059 0.499502 0.0521578 0.0782414 4
2 0.767354 0.82432 0.0763643 0.103471 5
2 0.48108 0.971277 0.0933237 0.0549032 6
2 0.312184 0.801211 0.0620024 0.102735 7
2 0.61632 0.959577 0.106358 0.0777612 9
2 0.847985 0.934341 0.111253 0.124699 10
2 0.445535 0.870086 0.127612 0.183509 11
2 0.731543 0.936906 0.10199 0.124525 12
2 0.68532 0.846492 0.0665447 0.105173 13
2 0.264246 0.892667 0.0875947 0.146698 15
5 0.583332 0.798789 0.141735 0.247805 1
5 0.655568 0.678532 0.11673 0.189934 2
5 0.5313 0.555396 0.0556726 0.10486 3
5 0.441962 0.500385 0.0525943 0.078774 4
2 0.766943 0.823567 0.0762337 0.103337 5
2 0.481024 0.971743 0.0925577 0.0540604 6
2 0.312041 0.801288 0.0619819 0.102694 7
2 0.616155 0.959491 0.106182 0.0778551 9
2 0.847008 0.933781 0.110807 0.125414 10
2 0.445539 0.869933 0.126791 0.182428 11
2 0.731079 0.936464 0.101393 0.124618 12
2 0.684793 0.84693 0.0668399 0.1054 13
7 0.264151 0.892379 0.0880379 0.147742 15
5 0.582965 0.798851 0.141406 0.24743 1
5 0.655338 0.6797 0.118086 0.192266 2
5 0.531531 0.556223 0.0551327 0.103955 3
5 0.44166 0.501015 0.0533854 0.079868 4
2 0.7667 0.823238 0.0757981 0.102767 5
2 0.480906 0.97192 0.0925137 0.05365 6
2 0.312121 0.801559 0.0617385 0.102308 7
2 0.615862 0.959337 0.105998 0.0780482 9
2 0.846114 0.933383 0.110703 0.126538 10
2 0.445628 0.868763 0.12471 0.179116 11
2 0.730636 0.936303 0.101272 0.125321 12
2 0.684325 0.847171 0.0674487 0.106084 13
2 0.264121 0.893285 0.0876643 0.147139 15
5 0.58236 0.798661 0.141017 0.246977 1
5 0.654833 0.679735 0.117805 0.191702 2
5 0.531385 0.558244 0.0544796 0.103087 3
5 0.441368 0.501391 0.0540509 0.0808218 4
2 0.765979 0.822735 0.0757541 0.102796 5
2 0.48077 0.972116 0.092559 0.0533114 6
2 0.311212 0.801946 0.0620338 0.102422 7
2 0.615641 0.959304 0.106091 0.0784613 9
2 0.845114 0.932837 0.110355 0.127356 10
2 0.445712 0.869334 0.125058 0.179591 11
2 0.730066 0.93611 0.100873 0.125706 12
2 0.683777 0.847091 0.0678139 0.106454 13
2 0.26407 0.893798 0.0883406 0.148537 15
5 0.581853 0.798687 0.140666 0.246604 1
5 0.654517 0.678601 0.116642 0.189576 2
5 0.531155 0.558683 0.0544324 0.103255 3
5 0.44116 0.501602 0.0541646 0.0808388 4
2 0.765263 0.821685 0.0760946 0.103542 5
2 0.480782 0.972198 0.0928176 0.0531153 6
2 0.310405 0.802364 0.0625988 0.102848 7
2 0.615606 0.95891 0.10673 0.0793224 9
2 0.844026 0.932111 0.109687 0.127722 10
2 0.445528 0.869865 0.125465 0.18015 11
2 0.72984 0.936157 0.100449 0.126018 12
2 0.683502 0.84679 0.0676677 0.105999 13
7 0.263958 0.893882 0.0884313 0.149024 15
5 0.581591 0.79865 0.140527 0.246555 1
5 0.654259 0.678222 0.116354 0.18905 2
5 0.530943 0.558579 0.0546225 0.103716 3
5 0.441419 0.501952 0.0537165 0.0799704 4
2 0.764614 0.820886 0.0758282 0.103486 5
2 0.480721 0.972085 0.0935711 0.0532681 6
2 0.310064 0.802623 0.0630768 0.103151 7
2 0.615476 0.958627 0.106996 0.0798811 9
2 0.843197 0.931171 0.109522 0.128816 10
2 0.445613 0.870782 0.126046 0.18107 11
2 0.729396 0.935882 0.0999035 0.126157 12
2 0.682878 0.846252 0.0674512 0.105389 13
2 0.264086 0.89486 0.0883687 0.149095 15
5 0.581082 0.798066 0.140194 0.246063 1
5 0.653681 0.678588 0.11657 0.189459 2
5 0.530521 0.558727 0.0547111 0.103792 3
5 0.441295 0.501912 0.0535218 0.0795519 4
2 0.764049 0.820232 0.0753826 0.103016 5
2 0.480758 0.971953 0.0944264 0.0535392 6
2 0.310013 0.802908 0.0635138 0.103522 7
2 0.615322 0.958549 0.107072 0.0803405 9
2 0.842102 0.930296 0.109095 0.129477 10
2 0.445741 0.87165 0.1269 0.18259 11
2 0.728922 0.935646 0.099726 0.126887 12
2 0.682174 0.846059 0.0673877 0.105072 13
2 0.264144 0.895894 0.0879815 0.148525 15
