5 0.61254 0.796152 0.15718 0.276317 1
5 0.681164 0.652182 0.121333 0.195709 2
5 0.542469 0.521829 0.0589011 0.107021 3
5 0.448807 0.463596 0.0523502 0.0891365 4
2 0.807314 0.836317 0.0856045 0.115581 5
2 0.484845 0.951785 0.105324 0.0939837 6
2 0.31771 0.76008 0.0638456 0.103624 7
2 0.396365 0.928031 0.0929737 0.135028 8
2 0.638538 0.962561 0.109204 0.0716362 9
2 0.899041 0.947984 0.118685 0.101797 10
2 0.447594 0.836559 0.129766 0.191615 11
2 0.77022 0.944937 0.110126 0.108922 12
2 0.712205 0.829215 0.0497919 0.111299 13
0 0.0987814 0.96364 0.0383124 0.0702091 14
2 0.27131 0.852448 0.0883027 0.146186 15
