5 0.61254 0.796152 0.15718 0.276317 1
5 0.681164 0.652182 0.121333 0.195709 2
5 0.542469 0.521829 0.0589011 0.107021 3
5 0.448807 0.463596 0.0523502 0.0891365 4
2 0.807314 0.836317 0.0856045 0.115581 5
2 0.484845 0.951785 0.105324 0.0939837 6
2 0.31771 0.76008 0.0638456 0.103624 7
2 0.396365 0.928031 0.0929737 0.135028 8
2 0.638538 0.962561 0.109204 0.0716362 9
2 0.899041 0.947984 0.118685 0.101797 10
2 0.447594 0.836559 0.129766 0.191615 11
2 0.77022 0.944937 0.110126 0.108922 12
2 0.712205 0.829215 0.0497919 0.111299 13
0 0.0987814 0.96364 0.0383124 0.0702091 14
2 0.27131 0.852448 0.0883027 0.146186 15
5 0.612539 0.796154 0.157184 0.276324 1
5 0.681162 0.652188 0.121342 0.195723 2
5 0.542469 0.521829 0.0589046 0.107027 3
5 0.448806 0.463595 0.05235 0.0891359 4
2 0.807314 0.836321 0.0856084 0.115587 5
2 0.484845 0.951788 0.105321 0.0939813 6
2 0.31771 0.760081 0.0638486 0.103628 7
2 0.396365 0.928036 0.0929808 0.135038 8
2 0.638527 0.962575 0.109186 0.0716245 9
2 0.89904 0.947983 0.118683 0.101795 10
2 0.447583 0.83656 0.129767 0.191616 11
2 0.770221 0.944938 0.110126 0.108922 12
2 0.712205 0.829217 0.0497937 0.111303 13
0 0.0987816 0.963641 0.0383125 0.0702092 14
2 0.271308 0.852451 0.0883105 0.146199 15
5 0.612155 0.796551 0.157078 0.276131 1
5 0.680672 0.658491 0.127362 0.20577 2
5 0.542435 0.522319 0.0584084 0.106084 3
5 0.448931 0.464945 0.0526815 0.0897138 4
2 0.806385 0.836144 0.0854183 0.115325 5
2 0.484587 0.952755 0.103125 0.0919655 6
2 0.317365 0.761286 0.0635826 0.103154 7
2 0.396037 0.928238 0.0932113 0.135316 8
2 0.637982 0.962643 0.108614 0.0712371 9
2 0.898409 0.948149 0.118127 0.101312 10
2 0.447362 0.836512 0.128525 0.189726 11
2 0.769669 0.945137 0.110487 0.109303 12
2 0.711991 0.830444 0.0500638 0.111947 13
0 0.0984288 0.96427 0.037485 0.0686509 14
2 0.271183 0.853873 0.0872118 0.144313 15
