5 0.61254 0.796152 0.15718 0.276317 1
5 0.681164 0.652182 0.121333 0.195709 2
5 0.542469 0.521829 0.0589011 0.107021 3
5 0.448807 0.463596 0.0523502 0.0891365 4
2 0.807314 0.836317 0.0856045 0.115581 5
2 0.484845 0.951785 0.105324 0.0939837 6
2 0.31771 0.76008 0.0638456 0.103624 7
2 0.396365 0.928031 0.0929737 0.135028 8
2 0.638538 0.962561 0.109204 0.0716362 9
2 0.899041 0.947984 0.118685 0.101797 10
2 0.447594 0.836559 0.129766 0.191615 11
2 0.77022 0.944937 0.110126 0.108922 12
2 0.712205 0.829215 0.0497919 0.111299 13
0 0.0987814 0.96364 0.0383124 0.0702091 14
2 0.27131 0.852448 0.0883027 0.146186 15
5 0.612539 0.796154 0.157184 0.276324 1
5 0.681162 0.652188 0.121342 0.195723 2
5 0.542469 0.521829 0.0589046 0.107027 3
5 0.448806 0.463595 0.05235 0.0891359 4
2 0.807314 0.836321 0.0856084 0.115587 5
2 0.484845 0.951788 0.105321 0.0939813 6
2 0.31771 0.760081 0.0638486 0.103628 7
2 0.396365 0.928036 0.0929808 0.135038 8
2 0.638527 0.962575 0.109186 0.0716245 9
2 0.89904 0.947983 0.118683 0.101795 10
2 0.447583 0.83656 0.129767 0.191616 11
2 0.770221 0.944938 0.110126 0.108922 12
2 0.712205 0.829217 0.0497937 0.111303 13
0 0.0987816 0.963641 0.0383125 0.0702092 14
2 0.271308 0.852451 0.0883105 0.146199 15
5 0.612155 0.796551 0.157078 0.276131 1
5 0.680672 0.658491 0.127362 0.20577 2
5 0.542435 0.522319 0.0584084 0.106084 3
5 0.448931 0.464945 0.0526815 0.0897138 4
2 0.806385 0.836144 0.0854183 0.115325 5
2 0.484587 0.952755 0.103125 0.0919655 6
2 0.317365 0.761286 0.0635826 0.103154 7
2 0.396037 0.928238 0.0932113 0.135316 8
2 0.637982 0.962643 0.108614 0.0712371 9
2 0.898409 0.948149 0.118127 0.101312 10
2 0.447362 0.836512 0.128525 0.189726 11
2 0.769669 0.945137 0.110487 0.109303 12
2 0.711991 0.830444 0.0500638 0.111947 13
0 0.0984288 0.96427 0.037485 0.0686509 14
2 0.271183 0.853873 0.0872118 0.144313 15
5 0.611205 0.796849 0.156946 0.275941 1
5 0.68062 0.661161 0.129345 0.209534 2
5 0.542503 0.522602 0.0586484 0.106458 3
5 0.449437 0.466368 0.0526231 0.0896865 4
2 0.805651 0.83647 0.0858552 0.115954 5
2 0.484094 0.953419 0.101585 0.0905245 6
2 0.317096 0.762267 0.0638808 0.103616 7
2 0.395999 0.928524 0.0930766 0.134982 8
2 0.637647 0.962855 0.109244 0.0716295 9
2 0.897308 0.947832 0.118686 0.101855 10
2 0.446463 0.836985 0.128147 0.188906 11
2 0.76859 0.944808 0.111393 0.110288 12
2 0.711373 0.831274 0.0497696 0.111254 13
0 0.0982269 0.964861 0.0368882 0.0674285 14
2 0.270984 0.854827 0.0868747 0.143631 15
5 0.610187 0.79734 0.156885 0.275898 1
5 0.680269 0.662405 0.129534 0.210504 2
5 0.542001 0.523176 0.0585705 0.10619 3
5 0.449149 0.467455 0.0520267 0.0887606 4
2 0.804663 0.837166 0.0857229 0.115798 5
2 0.484161 0.95381 0.100737 0.0896111 6
2 0.31703 0.764035 0.0636827 0.103242 7
2 0.395383 0.929287 0.09247 0.133866 8
2 0.6372 0.962598 0.108432 0.0710852 9
2 0.896579 0.948031 0.118194 0.101486 10
2 0.446513 0.836789 0.127237 0.187181 11
2 0.767412 0.944402 0.111728 0.110773 12
2 0.710702 0.831991 0.0500025 0.111774 13
0 0.0975431 0.96501 0.0366799 0.0669903 14
2 0.270398 0.855144 0.0881728 0.145777 15
5 0.609308 0.79814 0.156302 0.274951 1
5 0.678923 0.658894 0.124312 0.202037 2
5 0.542032 0.523875 0.0587113 0.106234 3
5 0.449488 0.468838 0.0515769 0.0880795 4
2 0.804189 0.837969 0.0847381 0.114449 5
2 0.484071 0.954539 0.0993275 0.0881026 6
2 0.316884 0.765478 0.0639441 0.103642 7
2 0.395763 0.929861 0.0924267 0.13341 8
2 0.636881 0.962861 0.108144 0.0708694 9
2 0.895664 0.948146 0.118212 0.1016 10
2 0.446451 0.836338 0.125013 0.182991 11
2 0.766655 0.944584 0.111491 0.110726 12
2 0.710223 0.832208 0.0496763 0.110903 13
0 0.0970073 0.964896 0.036756 0.067121 14
2 0.269873 0.855799 0.088147 0.145637 15
5 0.608925 0.799061 0.156289 0.275017 1
5 0.678295 0.657657 0.121845 0.198046 2
5 0.542093 0.525197 0.0589158 0.106292 3
5 0.449541 0.469924 0.0514277 0.0879578 4
2 0.803092 0.838977 0.0850847 0.114929 5
2 0.483763 0.954666 0.0989709 0.0875389 6
2 0.316712 0.76666 0.0639638 0.103674 7
2 0.395062 0.930283 0.092418 0.133043 8
2 0.63593 0.963106 0.106902 0.0699698 9
2 0.895032 0.948125 0.118084 0.10162 10
2 0.446272 0.836956 0.125415 0.182671 11
2 0.766028 0.944244 0.111213 0.11062 12
2 0.70976 0.833123 0.0493697 0.10995 13
0 0.0966743 0.965099 0.0365092 0.0665821 14
2 0.269641 0.856607 0.0883382 0.145954 15
5 0.608132 0.798815 0.155505 0.273586 1
5 0.677892 0.658518 0.121043 0.196749 2
5 0.540794 0.526521 0.0587795 0.105799 3
5 0.448675 0.470965 0.0510791 0.0873151 4
2 0.802251 0.839245 0.0855687 0.115721 5
2 0.483469 0.956426 0.0956342 0.0840049 6
2 0.316661 0.767628 0.0638104 0.103441 7
2 0.39411 0.930613 0.0924326 0.132636 8
2 0.635396 0.9629 0.107271 0.0701413 9
2 0.893813 0.948168 0.117813 0.101469 10
2 0.446406 0.837234 0.125263 0.18127 11
2 0.765187 0.944492 0.110953 0.110561 12
2 0.709181 0.833727 0.0489813 0.10858 13
0 0.0962609 0.965137 0.0364793 0.0665697 14
2 0.269525 0.857246 0.0890524 0.147289 15
5 0.607631 0.799161 0.155306 0.273258 1
5 0.677249 0.662504 0.124875 0.203514 2
5 0.540154 0.527769 0.0583565 0.104705 3
5 0.448424 0.472357 0.0517537 0.0887554 4
2 0.800963 0.839542 0.0852053 0.115228 5
2 0.483239 0.95612 0.0966136 0.0844983 6
2 0.316618 0.768524 0.0639136 0.103636 7
2 0.393899 0.930961 0.092177 0.131834 8
2 0.63469 0.963029 0.10706 0.0699561 9
2 0.892544 0.947705 0.118784 0.102524 10
2 0.446198 0.838333 0.126165 0.181369 11
2 0.76408 0.944327 0.111021 0.110821 12
2 0.708511 0.834892 0.0498111 0.109991 13
0 0.0959378 0.966362 0.0352365 0.0641468 14
2 0.269338 0.858581 0.0892111 0.14771 15
5 0.606984 0.799249 0.154662 0.272001 1
5 0.677075 0.663386 0.124847 0.203923 2
5 0.54 0.529055 0.0578642 0.103472 3
5 0.447653 0.472607 0.0519903 0.0892544 4
2 0.800194 0.839376 0.0849535 0.115027 5
2 0.483164 0.956223 0.0968305 0.0842495 6
2 0.316586 0.769578 0.0640147 0.103851 7
2 0.393245 0.931215 0.0921971 0.131478 8
2 0.634135 0.963153 0.107413 0.0701577 9
2 0.8913 0.947622 0.11866 0.10258 10
2 0.446732 0.839694 0.127339 0.182182 11
2 0.763218 0.944314 0.110991 0.110993 12
2 0.707794 0.835529 0.0501105 0.110235 13
0 0.0960459 0.967818 0.0341288 0.0617755 14
2 0.269171 0.860818 0.0887364 0.147015 15
2 0.772531 0.775678 0.0706921 0.0963981 16
5 0.606033 0.799731 0.154217 0.271036 1
5 0.676685 0.661855 0.122655 0.200288 2
5 0.539586 0.530149 0.0579731 0.103415 3
5 0.447253 0.473488 0.0520617 0.089336 4
2 0.799071 0.838327 0.0837787 0.113304 5
2 0.482685 0.957351 0.0953112 0.082381 6
2 0.316231 0.770916 0.0639116 0.103648 7
2 0.392971 0.931671 0.0920123 0.130788 8
2 0.633147 0.962924 0.107685 0.0703731 9
2 0.890241 0.947628 0.118459 0.102669 10
2 0.447865 0.84035 0.127028 0.181106 11
2 0.762304 0.944288 0.110791 0.111025 12
2 0.706966 0.835592 0.0503789 0.110326 13
0 0.0956629 0.968764 0.0333284 0.0599188 14
2 0.269072 0.862588 0.0874796 0.144799 15
2 0.77192 0.775123 0.0700858 0.0955697 16
5 0.60516 0.800522 0.154165 0.2709 1
5 0.675472 0.661619 0.121397 0.197829 2
5 0.538987 0.531175 0.0583261 0.103914 3
5 0.446855 0.474335 0.0523865 0.089929 4
2 0.798327 0.837894 0.0832035 0.112433 5
2 0.48242 0.95739 0.0956673 0.0822212 6
2 0.315984 0.771898 0.0642498 0.104222 7
2 0.393188 0.93193 0.0920396 0.130499 8
2 0.632494 0.963293 0.106564 0.0696003 9
2 0.889141 0.947557 0.118004 0.102592 10
2 0.448114 0.841198 0.127518 0.181359 11
2 0.761279 0.944022 0.110422 0.110893 12
2 0.706215 0.835276 0.0505607 0.110044 13
0 0.0952618 0.96963 0.0326281 0.0580932 14
2 0.268756 0.863975 0.0864619 0.142873 15
2 0.771252 0.774682 0.0691954 0.0943209 16
5 0.604384 0.800886 0.153895 0.270436 1
5 0.674673 0.661349 0.120368 0.195485 2
5 0.538971 0.532217 0.0574115 0.102045 3
5 0.446893 0.475338 0.0529414 0.0909466 4
2 0.797262 0.837771 0.0827937 0.111735 5
2 0.482112 0.958117 0.0948049 0.0808772 6
2 0.315852 0.772922 0.0643017 0.10433 7
2 0.39317 0.932437 0.0917723 0.129686 8
2 0.631828 0.96331 0.106427 0.0695457 9
2 0.88811 0.947261 0.11811 0.103042 10
2 0.447326 0.844057 0.130259 0.185067 11
2 0.759816 0.944064 0.110379 0.111121 12
2 0.705458 0.835187 0.0507635 0.10975 13
0 0.0952635 0.970394 0.032093 0.0564641 14
2 0.268694 0.864278 0.087198 0.144136 15
2 0.770706 0.775097 0.0698997 0.0952846 16
5 0.604093 0.800487 0.15322 0.26915 1
5 0.674287 0.661167 0.120083 0.194451 2
5 0.539476 0.533346 0.0582851 0.103197 3
5 0.446731 0.476367 0.0524939 0.0900283 4
2 0.796408 0.837347 0.0824504 0.111101 5
2 0.481892 0.959252 0.0928004 0.0782403 6
2 0.315674 0.774036 0.0644567 0.104671 7
2 0.393288 0.932722 0.0917301 0.129347 8
2 0.631363 0.96305 0.107379 0.070255 9
2 0.887023 0.947356 0.117585 0.102922 10
2 0.448015 0.843994 0.129557 0.183767 11
2 0.758915 0.9441 0.110301 0.11141 12
2 0.70466 0.835199 0.0505237 0.108431 13
0 0.095384 0.9706 0.0322069 0.056024 14
2 0.268221 0.864405 0.088049 0.145675 15
2 0.770204 0.774892 0.0685445 0.0933442 16
5 0.603581 0.800613 0.153058 0.268826 1
5 0.674002 0.661344 0.119792 0.193474 2
5 0.539031 0.533837 0.0590453 0.104441 3
5 0.446368 0.476987 0.0520092 0.0889999 4
2 0.795562 0.837174 0.0821879 0.110582 5
2 0.481825 0.959266 0.0932486 0.0778432 6
2 0.315422 0.774624 0.0643164 0.104556 7
2 0.39333 0.932701 0.0920092 0.129347 8
2 0.631086 0.962927 0.107896 0.0706983 9
2 0.885561 0.947287 0.117289 0.102988 10
2 0.448086 0.844129 0.129341 0.18292 11
2 0.757761 0.943994 0.110418 0.111897 12
2 0.703985 0.835243 0.0504222 0.107352 13
0 0.0951239 0.970821 0.0323146 0.0556294 14
2 0.267993 0.865132 0.0877656 0.145223 15
2 0.769651 0.774713 0.0684208 0.0931555 16
5 0.602872 0.801153 0.152871 0.268431 1
5 0.673404 0.661534 0.120234 0.193537 2
5 0.538493 0.535043 0.0595551 0.105411 3
5 0.445489 0.477286 0.0517999 0.0879643 4
2 0.794347 0.836486 0.0813073 0.109063 5
2 0.481972 0.9599 0.0931231 0.0769993 6
2 0.315109 0.775412 0.0640617 0.10419 7
2 0.392836 0.933393 0.0915033 0.128138 8
2 0.630811 0.962908 0.107968 0.0708441 9
2 0.884693 0.947254 0.116977 0.103086 10
2 0.446963 0.845574 0.13035 0.183522 11
2 0.756537 0.943898 0.110101 0.112028 12
2 0.70341 0.835472 0.0503905 0.106332 13
0 0.0950685 0.971097 0.0324719 0.0553936 14
2 0.268004 0.866356 0.087757 0.145268 15
2 0.769243 0.774539 0.0688358 0.0937618 16
5 0.602179 0.801739 0.152554 0.267792 1
5 0.673097 0.663476 0.121595 0.195434 2
5 0.538277 0.53573 0.0595445 0.10537 3
5 0.445448 0.477982 0.0515797 0.087023 4
2 0.793513 0.836548 0.0809158 0.108325 5
2 0.481722 0.960911 0.0919136 0.0750864 6
2 0.314984 0.776323 0.0640473 0.10428 7
2 0.393021 0.934178 0.0907944 0.12676 8
2 0.630472 0.963082 0.10722 0.0704055 9
2 0.883897 0.947211 0.116775 0.103294 10
2 0.4471 0.847206 0.131421 0.184684 11
2 0.755514 0.943867 0.109875 0.112227 12
2 0.702853 0.835963 0.0504454 0.10545 13
0 0.0947669 0.971336 0.032451 0.0549143 14
2 0.267857 0.866901 0.0881936 0.146119 15
2 0.768857 0.77475 0.0691114 0.0941953 16
5 0.601476 0.801816 0.152556 0.267818 1
5 0.671892 0.664045 0.120871 0.194318 2
5 0.538122 0.536623 0.0598502 0.105903 3
5 0.445292 0.477733 0.0509609 0.0852358 4
2 0.792467 0.836488 0.081298 0.10864 5
2 0.481577 0.960753 0.0925265 0.0747512 6
2 0.314873 0.777108 0.0637613 0.103952 7
2 0.392665 0.934636 0.0906945 0.126178 8
2 0.630301 0.962994 0.107382 0.0705909 9
2 0.883024 0.947447 0.116093 0.103028 10
2 0.44768 0.847751 0.130673 0.183188 11
2 0.754752 0.943615 0.109973 0.11277 12
2 0.702154 0.836326 0.0503613 0.103956 13
2 0.267556 0.867556 0.0890838 0.147911 15
2 0.768313 0.774317 0.067458 0.0917185 16
5 0.600597 0.801816 0.152443 0.267775 1
5 0.671323 0.665409 0.121124 0.194887 2
5 0.537751 0.537508 0.0598032 0.105944 3
5 0.445248 0.477877 0.0508021 0.0842962 4
2 0.791722 0.836478 0.0817528 0.10936 5
2 0.481481 0.96116 0.0927749 0.0742402 6
2 0.314549 0.777821 0.0635789 0.103739 7
2 0.392267 0.935209 0.0905559 0.125585 8
2 0.629683 0.963014 0.10727 0.0705581 9
2 0.882068 0.947236 0.115925 0.103273 10
2 0.447319 0.849852 0.132242 0.185055 11
2 0.753978 0.943428 0.109872 0.113145 12
2 0.701394 0.836896 0.0507782 0.103822 13
2 0.267441 0.868604 0.0889679 0.147987 15
2 0.767581 0.775711 0.0690784 0.094048 16
5 0.600047 0.801784 0.151674 0.266561 1
5 0.670776 0.666454 0.121343 0.195496 2
5 0.537519 0.538591 0.0598365 0.106088 3
5 0.44532 0.478953 0.0514308 0.084913 4
2 0.790973 0.836592 0.0818074 0.109326 5
2 0.481451 0.962045 0.0919934 0.0727861 6
2 0.314464 0.7788 0.0634386 0.103603 7
2 0.392272 0.936002 0.0899513 0.124387 8
2 0.628939 0.962918 0.107814 0.0709552 9
2 0.881133 0.947076 0.115602 0.103357 10
2 0.446841 0.852009 0.133858 0.187272 11
2 0.75314 0.943314 0.109491 0.113218 12
2 0.700419 0.837676 0.0511062 0.103568 13
2 0.267014 0.868785 0.0892693 0.148787 15
2 0.766993 0.775907 0.0689807 0.0938995 16
5 0.599497 0.802088 0.150935 0.265378 1
5 0.670005 0.666473 0.120318 0.19386 2
5 0.537205 0.539715 0.059863 0.106225 3
5 0.44514 0.479608 0.0512648 0.0841642 4
2 0.790123 0.836145 0.0807845 0.107698 5
2 0.481042 0.961628 0.0931936 0.0730326 6
2 0.314384 0.779183 0.0632249 0.103328 7
2 0.391788 0.936458 0.0899041 0.123701 8
2 0.628474 0.962972 0.108351 0.0714126 9
2 0.879708 0.947101 0.115108 0.103286 10
2 0.44617 0.85367 0.134853 0.188746 11
2 0.752379 0.943173 0.109137 0.113237 12
2 0.699674 0.838705 0.0514654 0.103329 13
2 0.266788 0.869573 0.0886461 0.147874 15
2 0.766331 0.77629 0.0691637 0.0941975 16
5 0.599171 0.802164 0.150219 0.264201 1
5 0.669828 0.666232 0.118502 0.190932 2
5 0.536672 0.54035 0.0600158 0.106583 3
5 0.445051 0.4792 0.050283 0.0819353 4
2 0.789062 0.835936 0.080767 0.107472 5
2 0.48074 0.961616 0.0936535 0.0726889 6
2 0.314236 0.779891 0.0629857 0.103005 7
2 0.39136 0.9368 0.0899426 0.123067 8
2 0.627725 0.963086 0.10872 0.0718224 9
2 0.878599 0.947103 0.114909 0.103484 10
2 0.445385 0.853877 0.133359 0.186272 11
2 0.751547 0.942983 0.108776 0.113364 12
2 0.699019 0.839116 0.051696 0.10276 13
2 0.266571 0.870857 0.0884627 0.147822 15
2 0.765638 0.776776 0.069059 0.0941497 16
5 0.598754 0.802064 0.149758 0.263353 1
5 0.669274 0.668172 0.11996 0.193542 2
5 0.536339 0.541633 0.0596453 0.10592 3
5 0.445018 0.480228 0.0508045 0.0826051 4
2 0.788261 0.835935 0.0809799 0.107552 5
2 0.480498 0.961985 0.0936488 0.07192 6
2 0.31413 0.780942 0.0630559 0.103198 7
2 0.391452 0.93753 0.0893158 0.121652 8
2 0.626983 0.963176 0.10864 0.0719086 9
2 0.877706 0.946941 0.114951 0.104007 10
2 0.445198 0.85388 0.132824 0.185268 11
2 0.750715 0.942853 0.108558 0.113625 12
2 0.698602 0.840064 0.0523453 0.103136 13
2 0.266553 0.871406 0.0883009 0.147733 15
2 0.764963 0.777297 0.0684868 0.093381 16
